46.0802925206982
0.5454185 -0.64934516 -0.5128163 0.85636234
0.42214787 -0.6489978 -0.9348374 0.5723596
-0.015035794 0.048672423 -0.5337972 0.87976104
0.9756118 0.33809412 0.7552837 0.8194004
-0.6502715 -0.016341714 0.09035708 0.9268109
-0.86222476 0.08929403 -0.53832287 0.62777287
0.26657706 -0.50712717 -0.2111941 0.27538657
0.08912572 -0.593873 -0.69725573 -0.28606516
-0.4637198 0.9359339 0.40015498 -0.9733325
-0.8998986 0.26171342 0.25006402 0.99088025
0.08583848 -0.24698472 0.4740683 -0.23449293
0.73590887 -0.99240035 0.8849816 0.5106497
0.7980041 -0.5484349 0.7982408 0.0059034806
0.1086385 0.49813595 0.6928946 -0.11056779
-0.7642241 0.3092519 -0.42156288 -0.36530018
-0.08408741 0.3519664 0.77770436 -0.5572339
