17.965798090652235
-0.10227919 0.79137576 0.29924828 0.031449858
-0.9955754 0.6169065 -0.36291212 0.6051458
-0.13493422 -0.16002023 -0.38119543 -0.8303209
0.73576915 -0.3571272 0.83400023 -0.06970376
-0.36809486 0.19535464 0.9206466 -0.2139124
-0.31747106 0.8033184 0.67308354 1.1025174
0.5321633 0.40160236 0.56600106 0.9369156
-0.5623913 0.62329924 1.0039601 0.24226846
-0.32572567 0.8846397 0.8426768 0.31623617
0.6925439 0.956791 -0.28256184 0.19125867
-0.2964264 0.48756868 -0.4657298 -0.5171875
-0.8157695 0.704204 -0.22453868 -0.39404356
1.1108255 -0.59245753 0.9314637 -0.7506926
0.6009807 0.038180895 -0.9195054 0.19147386
0.3288504 -0.38697803 0.24377042 -0.34176427
-0.20005468 -0.790868 -0.94356376 -0.63421327
