10.815271497035472
0.09185863 -0.8100157 0.8975676 0.33774012
-0.2695531 -0.19837956 -0.7739096 0.89325166
0.85242015 -0.9667877 0.87421167 -0.02209368
0.5829082 -0.9925674 -0.10766569 -0.28046453
0.45206326 -0.1750394 0.6694916 -0.17965941
0.7329957 -0.74086356 -0.1562708 -0.9752919
0.29242975 -0.41619048 -0.21402556 -0.6545457
0.013242978 -0.8197289 -0.98632056 0.47998396
-0.22766754 -0.06962952 0.5430795 0.85431767
0.9655514 -0.40035096 -0.9645933 0.2683858
0.9217949 -0.38018525 0.49324107 -0.27066028
0.10759859 0.0060118996 -0.24374549 -0.8427479
0.39524907 0.9110987 0.09922365 0.6232961
-0.18841034 -0.6994857 0.05206531 0.6929269
-0.7612428 0.009961495 -0.90499717 0.949955
-0.11541053 -0.3216842 -0.30854395 0.57223237
-0.3752615 -0.7087148 0.16104826 0.54551125
0.8435192 0.44898146 -0.58180577 0.8390748
-0.26566783 0.007293406 -0.43113166 -1.0004104
0.56332093 -0.802622 0.27895755 0.33802775
