19.94692369044012
0.712464 -0.4434664 -0.04967894 0.68089956
-0.17100859 0.6931074 -0.38617653 0.6379674
-0.5757718 0.12051185 0.37119603 -0.1992319
-0.5678729 -0.14433034 0.3610849 -0.59400415
-0.05827655 -0.66108584 -0.5804992 -0.6233543
0.7916132 -0.74526817 0.8537863 0.46810803
0.53342587 0.16893615 0.04517949 0.7017638
-0.59587675 -0.15359612 0.09703332 -0.06470486
-0.8501348 -0.76034534 0.22293961 0.3958529
-0.7179652 -0.32113716 1.0110615 -0.8735501
0.7810258 0.8582679 0.84598476 -0.75598913
0.095860526 -0.76483065 -0.08312462 0.81532913
0.6052453 -0.80535847 0.31619397 0.017578634
-0.014479477 -0.06252834 -0.56475383 0.52867055
0.19251662 0.7195479 -0.1955751 0.8814006
-0.7640844 0.62456334 0.048353504 0.64005935
-0.85869807 0.15185452 0.20567596 0.87504137
0.5820058 0.12071693 -0.53619224 0.00036451826
-0.012761737 -0.32988763 0.1870738 0.60291713
0.9530527 0.43780327 0.7967535 -0.8003613
