5.842151660079731
-0.008628043 -0.1422592 0.7067603 -0.2625616
-0.14956276 0.59950876 -0.20135461 -0.58140856
-0.9378262 0.35307387 0.8492678 -0.5499444
0.5546619 -0.14939299 0.9858543 -0.62774473
-0.49126658 0.5016038 -0.56015915 0.09875442
-0.90256774 0.9925253 0.46478897 0.40451062
-0.76127315 -0.8755753 0.72833276 -0.8435042
0.47451758 -0.1715142 0.2267491 0.9368669
-0.78756994 -0.5668467 0.75666815 -0.18160181
0.04554095 -0.70358044 0.07117802 0.63915354
0.67407584 0.22158022 -0.14418472 0.6943216
0.7851921 0.12224604 0.9344357 0.043322958
-0.6224845 0.94319236 -0.886179 -0.08375836
-0.86412305 -0.64814657 -0.011777638 -0.02576267
0.0984719 0.8136162 0.9646075 -0.9176514
0.93033564 -0.34727108 -0.29455018 -0.95248574
0.19295926 0.6546081 -1.009287 -0.19368857
0.50837857 0.79861647 -0.20343395 -0.70225877
0.6985888 -0.61432326 -0.22655115 -0.10027788
-0.7869083 0.7408688 0.63529694 0.16271736
