23.681575922183022
-0.13750125 0.031144448 0.42584074 -0.6419058
0.40765643 0.14303477 0.2809729 0.77608794
-0.05751469 -0.111773595 -0.12304594 0.6246354
0.46012977 0.61958903 -0.5163931 -0.67072535
-0.95106244 0.31349608 0.7048016 -0.4676251
0.4805686 0.28949788 -0.29177937 0.39109
-0.24563187 -0.2639747 -0.90962887 -0.97259283
0.8703151 -0.77856475 -0.45694357 -0.76773584
0.01805554 0.99819785 0.176654 0.8167963
-0.5614609 -0.3180137 -0.85510075 0.027117193
-0.76315546 0.050939795 -0.29404223 0.5514446
0.99026585 -0.849492 0.20521326 0.7631857
0.74264115 0.18674102 -0.60320073 0.8242987
0.76104397 -0.19091156 -0.08087996 0.548132
-0.5655992 0.20950444 -0.4077244 0.8598732
-0.64848816 0.23076926 -0.13978378 0.1133577
0.19151185 -0.46782905 0.7662565 -0.24476282
-0.36489573 0.10264219 -0.15286645 0.8800793
-0.20744504 0.037023574 -0.92460144 -0.932178
-0.40266207 0.26307356 -0.8313016 0.5171275
