2.1382284101247664
0.55474687 0.008601479 0.778639 -0.68302244
0.545459 0.55188984 0.74557245 -0.07729224
0.051152587 -0.20358145 -0.51741815 0.20885567
0.6014774 -0.47335854 -0.53628695 -0.6273436
0.88925433 -0.426704 -0.7760465 -0.48961654
0.42182168 -1.0302674 0.11742356 0.89589405
-0.6242065 -0.90744126 -0.65823275 0.45570877
-0.31409767 -0.3165321 -0.9761849 0.5207027
-0.6768208 0.19371101 -0.6488019 -0.7982299
-0.58824635 0.07294879 0.1032992 -1.0073804
0.9256704 0.20902616 -0.7266607 0.27993488
0.03368151 0.34072548 0.85438097 0.9929563
-0.9609631 0.026618917 0.2509979 0.9890268
0.6286343 0.031899232 -0.22491981 0.984958
0.4287523 -0.9752097 -0.61851084 0.5531252
0.47731373 -0.49950922 -0.32740676 0.32297322
-0.43813786 0.51097995 0.10205302 -0.7055866
0.3781276 -0.7713271 -0.3744167 0.8774176
0.09730938 0.61829007 0.03408987 -0.041627377
-0.48372623 -0.69753003 -0.5211954 0.75299245
