9.016662646873524
-0.5917558 0.7912616 -0.5005439 -0.3248554
0.15073045 0.39106563 0.49691942 -0.19948052
-0.0049235746 -0.90553313 0.3572119 0.29173625
-0.34909165 -0.5371783 -0.34334075 -0.4946363
-0.8738376 0.80740625 -0.15015449 -0.025318654
-0.73027897 -0.3959557 -0.22596858 -0.69550216
-0.59175277 0.5919365 -0.37935087 -0.8647693
0.806922 -0.8136419 0.31440187 -0.4916678
-0.13829677 0.38105384 -0.250634 -0.579094
0.916845 0.9197801 0.45301613 -0.4224023
-0.06654839 0.05465312 0.050469354 0.86341405
0.24905029 -0.88876116 0.32642776 0.65074587
-0.09793418 -0.069589 0.4867189 0.017291501
0.566582 0.9670501 0.5368426 0.4405618
-0.75573105 0.9453059 0.75993276 0.008596655
-0.78143096 0.9972201 0.37241927 0.533538
-0.88006634 0.3935267 0.09902039 0.60224104
-1.014429 0.8660187 0.059849456 0.38118622
0.23722877 0.4321557 0.24248366 0.26195332
0.6123879 -0.6963175 0.88645947 -0.87855726
