5.226004991158861
0.30552283 0.042785708 0.3150357 -0.37616387
-0.31072456 -0.6199546 -0.18067415 -0.014734758
-0.28818274 0.57412815 0.99009687 -0.7819965
0.7547667 -0.5450107 0.7143239 -0.10731799
0.5053132 -0.57113165 0.5822135 0.52515095
0.6813959 0.10302225 -0.042693146 0.13953549
0.3533088 0.36465624 0.17832465 -0.20515737
0.98096174 -0.57774293 0.3677173 -0.038254928
-0.80632246 0.22131313 -0.3566154 0.02889913
-0.59375995 -0.43459585 -0.98472136 -0.048089318
0.49192277 0.78151864 -0.3775129 0.42412785
0.19220507 -0.56508344 -0.8840535 -0.46362084
-0.18466274 0.54265136 0.9310518 -0.1119713
-0.24437313 -0.36237124 0.85755485 0.5869801
-0.5158162 0.5864627 0.6363048 -0.29906446
-0.7893546 0.18860786 0.079976484 0.27886268
0.83465356 0.87404746 0.55671465 -0.42884156
0.8936992 0.027372673 0.670754 -0.025348347
-0.08761362 0.16424008 -0.74863 -0.8514748
0.05622378 0.3918294 0.3601098 -0.16812901
