9.327017582060805
-0.77101535 -0.15371497 0.23202899 0.8046832
0.16877444 0.8355068 0.9558132 0.565319
0.13049287 0.9420125 0.45387128 -0.93911195
0.43050164 -0.026229173 -0.94612557 -0.24506354
-0.20126265 -0.487331 0.67604417 -0.68899447
-0.1428103 0.085108005 -0.47255397 -0.20975105
-0.29002795 -0.98411965 -0.7860331 0.5574561
0.77634215 0.16538264 -0.79289573 0.04942275
0.54069257 -0.08173152 0.50659084 -0.4585204
0.36059785 0.1926028 -0.110183276 -0.25481462
0.32098982 0.86939764 -0.7249478 0.80132514
0.5356772 -0.12702224 0.9662122 -0.29110754
0.5986426 -0.26303843 -0.73428565 -0.48286366
-0.15167548 -0.8144468 0.8636502 0.913499
0.1607578 -0.96704984 0.32650277 0.89977324
-0.24971494 0.33504263 -0.90680474 0.84153056
0.31165987 -0.11582057 -0.70554435 0.034322537
0.3395843 0.4377393 0.9219932 -0.34669816
-0.17076468 0.18740836 -0.27917773 0.8768973
-0.53974426 -0.37323445 -0.722377 0.6378955
