24.163473243013648
-1.0053784 0.30991375 0.29676563 -0.33963278
-0.5412807 0.7493992 0.55695295 0.76419944
-0.048977736 0.96732026 0.46574956 0.0060788
-0.038528938 0.2566614 -0.79205 0.4460772
0.24109459 -0.47691995 -0.17617673 0.60696673
-0.069666356 0.36140007 0.36210635 0.14365867
0.93284106 -0.2964976 0.23651259 -0.73315233
0.25411364 0.10319088 0.72723335 -0.703688
0.532207 0.32195798 -0.5032013 0.47854057
-0.8603121 0.6891531 0.6175149 -0.1566159
0.63200474 -0.4629472 -0.29837564 -0.31039542
0.28550005 -0.22514932 0.92415303 -0.9376245
-0.2672038 0.21730089 -0.8038398 -0.24539341
-0.26707813 -0.19412324 -0.7572388 0.21264744
0.6367055 0.7679671 -0.2638652 -0.581653
0.2980599 0.47842884 0.8098922 0.36793587
