[-0.9636226  -0.55701715  0.4203138   0.6237312 ]
-0.14100536594105145
[-0.35050142  0.3088215   0.0213662   0.6342123 ]
-0.10519533281773329
[ 0.5508495  -0.62975305  0.48089606  0.7392596 ]
-0.038422997936606404
[-0.08665211  0.77834886  0.725444   -0.71289134]
-0.01631266345580656
[-0.28899503  0.6062677  -0.135759   -0.39378724]
-0.03128695746495581
[-0.7764568  0.8035956  0.9605443  0.8510602]
-0.12202336712817854
[ 0.95361835  0.85599905  0.7249896  -0.5839171 ]
-0.1458897409501187
[-0.10803004  0.7308623  -0.40434474 -0.09000694]
-0.037312348037958146
[-0.23339868 -0.56466264  0.07475468 -0.633568  ]
-0.04016726070394
[-0.12192348 -0.7944355  -0.7733386   0.4421013 ]
0.015047548233840663
[0.31485537 0.5761952  0.7479743  0.7837531 ]
-0.05940126322085777
[-0.3879647  -0.45381302 -0.45893764  0.11657111]
-0.09776732928367715
[-0.21895058 -0.0866815  -0.07198066  0.30287805]
-0.09962925323843956
[0.9667682  0.90722823 0.17198622 0.25586554]
-0.056787978172302245
[ 0.87071604 -0.6767737   0.46460617 -0.15544325]
0.02984970446427545
[ 0.8964375  -0.8959154  -0.23787875  0.10597683]
-0.028161989197134977
[ 0.5769389  -0.848636    0.43720156 -0.78369933]
-0.20944370344777785
[ 0.89504135  0.9403703  -0.25603613  0.50046086]
-0.2482841591735705
[ 0.94573194 -0.4432902  -0.7328137   0.02452033]
-0.12879756789654495
[ 0.8138226  -0.44815648  0.31187156 -0.3329435 ]
-0.14284195929765703
[-0.9449644   0.5970927   0.25865737 -0.055151  ]
-0.08543511694669724
[ 0.6606908  -0.04982134  0.30280417 -0.491094  ]
-0.13828098675608635
[ 0.40990576  0.8478664   0.4248984  -0.6188714 ]
-0.1820736266374588
[-0.8978733  -0.8363506   0.8409121   0.36444095]
-0.19876893500486773
[ 0.25319645 -0.6971877  -0.3973179  -0.9965219 ]
-0.1687857722441367
[ 0.3923884   0.28387895 -0.86890894 -0.19678761]
-0.09493404326836387
[-0.9629794  -0.14826521 -0.75923926  0.35422364]
0.054977219661079234
[-0.18831754  0.8825579  -0.72779334  0.86319906]
0.05714706603685778
[-0.64687324 -0.10783873 -0.62209296 -0.19915658]
0.22653994154930115
[-0.8441058   0.29499632 -0.24788764  0.63599825]
0.13111920389533044
[ 0.03863662 -0.20289263  0.7165078   0.33605242]
-0.2730284751256295
[ 0.84024924 -0.1283702  -0.35723507 -0.6754126 ]
-0.2545980463822671
[-0.05150849  0.34006467  0.60573685  0.9881883 ]
-0.21269224700331688
[ 0.82142645  0.2736538   0.18480809 -0.6419602 ]
-0.1305063174764327
[ 0.68958384  0.92745984 -0.18808833 -0.1671875 ]
-0.09798926693201065
[ 0.08946462 -0.7937503  -0.49525085 -0.7780957 ]
-0.1464356225927659
[-0.6208397  -0.05624376 -0.47214067  0.7344811 ]
-0.2286725554615259
[ 0.09437007  0.5543367   0.8049388  -0.19222455]
-0.14820312431454655
[ 0.94403183  0.2303032  -0.7548678  -0.60182995]
-0.15704284437497695
[ 0.05863439 -0.43301886  0.12607206  0.27865934]
-0.10371136628091336
[ 0.03350658 -0.54339856  0.27315274 -0.47328275]
-0.09219832939406118
[-0.8785683   0.15018882  0.7882159  -0.0335487 ]
-0.1326704883178063
[-0.17907801  0.5232243  -0.52690595  0.2517418 ]
-0.18298681370417397
[ 0.10434336  0.8224955   0.73323387 -0.6945947 ]
-0.13864228996634484
[ 0.73344463 -0.15338312  0.70428205  0.41318348]
-0.09042809893687448
[-0.6045239  -0.73830026 -0.38836095 -0.72684884]
-0.17844819895426553
[-0.68398935 -0.44823197  0.25420734 -0.8722274 ]
-0.2079958943525962
[ 0.39621067 -0.9858758   0.6958596  -0.4957764 ]
-0.22098322574297352
[-0.2785401  -0.53677887 -0.33491462  0.10170269]
-0.26325372779369355
[ 0.81205505  0.14120182 -0.8468016   0.1025682 ]
-0.2850120541155339
[-0.31831208  0.4638372   0.5971198  -0.78316015]
-0.2670648707946165
[-0.07526331 -0.57529277 -0.8687703  -0.39152616]
-0.33224595613280694
[-0.14209394 -0.19255859  0.95505154  0.6566457 ]
-0.2682821310162544
[ 0.20531036  0.0733839   0.9450411  -0.80034053]
-0.19670611888170245
[-0.05309226 -0.854526    0.6591044  -0.776655  ]
-0.3198223647177219
[ 0.08734301 -0.43935597  0.33770135 -0.14292952]
-0.4124505718946457
[-0.36232364  0.12426005  0.3052364   0.9075391 ]
-0.43278571757674217
[ 0.8089382  0.5842217 -0.1978112  0.6364192]
-0.4285587925314904
[ 0.8749806   0.7315388  -0.14075036 -0.25222656]
-100
