[ 0.06646974 -0.4983145   0.9364326   0.784456  ]
-0.237242373490084
[-0.5900692   0.5937364  -0.76520574  0.17209135]
-0.02107273573179921
[-0.01939117 -0.11626711  0.5135709  -0.89362246]
-0.08119005778928835
[ 0.09411994  0.61233723  0.6994166  -0.5177174 ]
-0.1627488554964439
[-0.18511043 -0.42706522 -0.9572326   0.53564745]
-0.045060248911380774
[-0.04830927 -0.4548149  -0.54955924 -0.6684725 ]
0.023503607009846775
[-0.24872103 -0.05929198  0.7987005  -0.2930729 ]
-0.027689665501315207
[ 0.98270655 -0.35565394 -0.26621902 -0.61613274]
-0.13034965462486067
[ 0.50422573 -0.1000273  -0.48800883  0.4676794 ]
-0.10150703025857725
[-0.24366826 -0.24719486  0.8483912  -0.33299533]
-0.18459889093041423
[ 0.42677    -0.29046842  0.876421   -0.2149742 ]
-0.21306176267067353
[-0.4119523  -0.4267335   0.26286057  0.56848115]
-0.17955741252502044
[-0.50368476  0.8783018  -0.44933727 -0.6325627 ]
-0.09730499527851504
[-0.3878525  0.766227  -0.8077335  0.7644401]
-0.0022259122729301403
[-0.3049207  -0.30940187 -0.6525976   0.70465183]
0.09417160117626189
[-0.21709839  0.92032003 -0.22138263  0.2565136 ]
0.11359672643740854
[ 0.5618256   0.9639686   0.04224392 -0.35007602]
0.03361114635566989
[-0.45997274  0.37467778  0.63446325  0.11490331]
0.027264608611661995
[ 0.6822242  -0.14505555  0.3242541  -0.21594793]
-0.047679195880889896
[-0.42147806  0.27063435  0.39603287 -0.70422953]
-0.04300599417090416
