[0.21766815 0.0108437  0.16549149 0.73643476]
-0.02253085132315755
[-0.13268694  0.31569862 -0.8980467  -0.5238513 ]
-0.020099766579765886
[-0.3620136   0.90721077 -0.5435393   0.12109433]
0.0026149571339301203
[-0.42963374 -0.1192299  -0.80475104  0.6609176 ]
0.08920179927597563
[-0.65501314  0.01197924 -0.47190988  0.00659291]
0.0961951929666102
[-0.7041453   0.66684014 -0.8992708   0.6716377 ]
0.07483103280266362
[ 0.80263907  0.6620504  -0.513575    0.39072207]
0.02285501374490559
[ 0.45613128  0.43347073  0.8317885  -0.5486002 ]
0.06777056597669802
[-0.22967635 -0.5359793   0.75887966  0.09501501]
0.05395201761523646
[-0.6367272   0.45291516 -0.18225661  0.16292322]
0.006055967549484164
[0.91426605 0.67589456 0.3375102  0.27218   ]
0.02203313761949539
[ 0.674752    0.03380504  0.34532055 -0.17348807]
0.08057722142338754
[-0.39539564  0.25827223 -0.4206512   0.26444   ]
0.015557569017011729
[0.2940776  0.88069576 0.914855   0.33862573]
0.07806354802846906
[ 0.22572151 -0.22374664  0.08709189 -0.49187213]
0.11481020503739635
[-0.4650864   0.38663268  0.03825884  0.20860153]
0.07987587200136116
[-0.91438943 -0.61880916 -0.10146891  0.8796645 ]
0.03558005290975409
[0.05008155 0.4239073  0.24040212 0.3044073 ]
0.06742183526357251
[ 0.40186888 -0.09997955 -0.69229347  0.65560514]
0.05471469239393634
[ 0.85568535  0.07559618 -0.5301452   0.2108236 ]
0.01892472552259645
[ 0.3865329   0.29705495 -0.83250606  0.7051559 ]
0.07048241114616394
[-0.7252296  -0.65197426 -0.37211615 -0.05420087]
0.12014979148408014
[-0.13208495  0.2953542  -0.55508417 -0.719707  ]
0.11997580820322037
[-0.96955115 -0.45884776 -0.04615546  0.6922463 ]
0.2096119487832002
[-0.31997204 -0.82199967  0.8552475  -0.18022431]
0.13742010829845824
[-0.69491786 -0.8273165  -0.0641134  -0.8153982 ]
0.1915165512661151
[ 0.33035284 -0.6430482  -0.15132058  0.01084182]
0.2073329912982881
[-0.56620735 -0.14855848 -0.54726356 -0.38919386]
0.29553627854585646
[-0.73956287 -0.20855021 -0.3220842   0.68994147]
0.31294434229036056
[-0.5007098   0.42300254  0.44037312  0.02683909]
0.10028301358719549
[-0.7640037 -0.3378386 -0.8815491 -0.5262626]
0.07545672058065614
[-0.0912556  -0.91598225 -0.98211336 -0.8014031 ]
0.1644553683648519
[ 0.02146941 -0.17304847 -0.07855667 -0.83520156]
-0.03294668929527322
[ 0.32863453 -0.057082    0.21673606  0.8743254 ]
0.016432886054117288
[ 0.02605277  0.4154367   0.21177565 -0.00973587]
0.06264851239075143
[-0.29325873 -0.5433882  -0.8842441   0.20932797]
0.039330445885658254
[ 0.11665645 -0.6335909   0.6901944  -0.0653569 ]
0.09297139094273366
[ 0.47389403  0.21555796  0.17616929 -0.732383  ]
0.11232118183374404
[ 0.648659   -0.25974277 -0.11145838 -0.84628147]
0.12373961067696647
[ 0.6232322  -0.5058368  -0.6689096  -0.95078295]
0.09616840977966787
[ 0.73451406 -0.94728047  0.5861     -0.07784213]
0.10722959754864494
[-0.86160165  0.492076   -0.55361396 -0.5972325 ]
0.11215493622235952
[-0.9794721  -0.03905108 -0.51683515 -0.20605557]
0.031384538793936365
[ 0.51564175  0.09021736 -0.15531239 -0.5273168 ]
0.07183266063034535
[ 0.5911877  -0.33625346  0.8588191   0.5207767 ]
0.15434230137367927
[ 0.20504865 -0.77710736  0.12083323  0.58680856]
0.15949337257879595
[-0.09553662  0.41097623 -0.01019261  0.88004065]
0.1426219257550947
[ 0.5253907   0.84837216 -0.64534914 -0.09940871]
0.15461044773459434
[ 0.80757517  0.48650607 -0.9373453  -0.9064718 ]
0.12487988324959957
[-0.6533646  -0.7643651  -0.47048643  0.7632745 ]
0.19396239222089212
[-0.68054783  0.19644359  0.34585902 -0.4289116 ]
0.24420136317114158
[ 0.91276616 -0.53520775  0.35968882 -0.79716015]
0.18912815483411033
[ 0.74996054  0.43151703 -0.64417315 -0.10515667]
0.20724569537242135
[ 0.9356443   0.978228   -0.9855679   0.21653764]
0.1782381944855078
[-0.8053661   0.15295683  0.8316714  -0.13359235]
0.21332853877544403
[-0.6710152   0.8089014  -0.11696891 -0.41771907]
0.17111034458875657
[-0.59396124  0.61871785  0.688905    0.72008055]
0.219479880611103
[-0.5340267   0.6040446   0.03707874 -0.65193146]
0.26038896740972994
[-0.3495159   0.20584124 -0.33325562 -0.22595233]
0.2782574173609427
[-0.36435676  0.4788208  -0.4048044   0.43970424]
0.2909408925175667
[-0.29373887 -0.46938562  0.12928714 -0.21665534]
0.29144736304879193
[ 0.26987365  0.03808871 -0.6498264   0.61763674]
0.2857001713818572
[ 0.01547116  0.8696106  -0.921687    0.08492426]
0.3013080079518259
[-0.5710492   0.3072442   0.34898666 -0.05167305]
0.3003197849492244
[ 0.12061344 -0.04250702  0.12681308  0.1252328 ]
0.34330074072522987
[-0.2712789  -0.30962878  0.879317    0.9706624 ]
0.29339614570140843
[ 0.5943993   0.28404984 -0.8391745   0.4913633 ]
0.2811338773965836
[-0.29386926  0.7903965  -0.6878524  -0.57510394]
0.2772598352432251
[-0.31642264 -0.76881796 -0.00391078  0.8573064 ]
0.32168007873060567
[-0.30900657  0.02776449  0.31799087  0.27439138]
0.3504539353524669
[-0.25367957  0.95194787  0.94496614 -0.4278563 ]
0.3247625493605919
[ 0.14626119 -0.9141797   0.88358265  0.28403503]
0.39263270223140717
[0.02479627 0.9174832  0.5269667  0.6469462 ]
0.43638882894814013
[ 0.5700602  -0.20547467  0.95223564  0.5443579 ]
0.5246568555434533
[0.7130255  0.90064543 0.5334669  0.30368027]
0.568185764491558
[ 0.35251266 -0.8832905   0.43328464  0.5098193 ]
0.5288160430124662
[ 0.7966135  -0.86056334 -0.24301316  0.60259134]
0.29628968093792357
[ 0.93652827 -0.9973172  -0.69005185 -0.35617104]
0.2593692731459959
[ 0.7847614   0.58198106  0.38330445 -0.8120831 ]
0.3082672874530144
[ 0.7688401  -0.23292914 -0.6852854  -0.03906495]
0.33442448819180215
[ 0.06775387 -0.55925024 -0.41677886 -0.24102506]
0.31568475272258356
[ 0.22248541  0.40865016 -0.4435898  -0.2970941 ]
0.2955674690604209
[ 0.88205105  0.8117226  -0.8701196  -0.17134403]
0.2934235349694864
[-0.60510886 -0.99812615 -0.73964196 -0.3392301 ]
0.243761672218643
[ 0.13521731 -0.6852198   0.5345264   0.3410213 ]
0.31416342782974244
[ 0.7134269  -0.23266394 -0.39239666  0.6801113 ]
0.3374992948571817
[-0.5200685   0.4695439   0.8199303   0.76607966]
0.3719701672792434
[ 0.69697404  0.5638766   0.6713552  -0.329755  ]
0.4073920825322493
[ 0.23528223  0.13821547  0.69915795 -0.25723085]
0.4286971218983308
[ 0.98087925  0.8785232  -0.29616356 -0.21556687]
0.4138018951416016
[ 0.32685694 -0.16382076  0.9182185  -0.40270323]
0.46333701493342955
[-0.790349   -0.9914309  -0.38142928 -0.7685477 ]
0.16653958253065865
[ 0.8889642   0.93313843  0.6942719  -0.11684814]
0.2699757174253464
[ 0.62507844  0.35500595  0.3168186  -0.76154757]
0.31971333746115127
[ 0.12605081  0.9662254  -0.93945277  0.05197489]
0.232463221276801
[0.65204245 0.8917169  0.77924985 0.6881218 ]
0.3153133853276559
[ 0.7439482   0.35745546 -0.7712246  -0.6367072 ]
0.3178692413568497
[0.58619934 0.61382776 0.80932635 0.04436018]
0.3633822564383372
[ 0.5206698   0.05456688 -0.06586269  0.00943297]
0.42229770169655245
[-0.3051738   0.06106375 -0.36267966  0.50727195]
0.3455660042017698
[0.57481337 0.7704413  0.4012855  0.12110437]
0.38464650883277496
[-0.12547033  0.6278506  -0.67868537  0.61250585]
0.30775382614135743
[ 0.37860096  0.32468945  0.15356997 -0.25706938]
0.3693807155409959
[-0.5008728  -0.271058    0.9543867   0.14004536]
0.16784351942936698
[-0.22156943 -0.5461321   0.7322599   0.902314  ]
0.10964104002714158
[0.40225187 0.49016458 0.51578456 0.72242415]
0.14823047292232513
[ 0.9324494   0.32842007  0.82536757 -0.36582735]
0.2249882643222809
[ 0.85205543 -0.9358772   0.9094278  -0.5637959 ]
0.2770805557568856
[ 0.3417725  -0.27715784  0.00490382  0.7738433 ]
0.24392364505678418
[ 0.985658   0.8687185 -0.507006  -0.9604497]
0.2341809856096915
[-0.05255672  0.6132838   0.3593638   0.80508006]
0.257922556688387
[-0.3313161  -0.6128265  -0.9650546  -0.88142896]
0.12069935019811232
[-0.7747914   0.7842979  -0.8527284  -0.31950736]
0.1470597924490758
[ 0.08459534  0.8140601   0.8164407  -0.8325058 ]
0.16723665330807486
[-0.31558314  0.3303053   0.27844527 -0.96744996]
0.17171158822377405
[-0.3228514   0.11335824  0.8624764   0.32572392]
0.21900189794103422
[-0.25056645 -0.36870527  0.6909444   0.03610636]
0.10236988305052003
[ 0.29893064 -0.3822144   0.08207518  0.22502977]
0.1330008007287979
[-0.5613083  -0.10983562  0.03059627  0.78196406]
0.11015003162373979
[-0.30052334  0.06450672  0.60645425 -0.5594419 ]
0.06855215369661885
[ 0.7469615   0.46075046 -0.7554444  -0.98646027]
0.06573222935199738
[0.9006784  0.9857683  0.22528295 0.06437957]
0.10423524998625001
[ 0.69419134 -0.07277372 -0.5998541   0.00328565]
0.1417962266911454
[-0.45119584  0.8682554  -0.69549    -0.77245784]
0.061704201221466054
[-0.7614486  -0.98751837  0.3064288  -0.51187915]
0.07656000089645387
[ 0.20359635  0.9800457  -0.05072653  0.5940297 ]
0.09700946774582186
[-0.34821546  0.783552    0.48608658  0.9074064 ]
0.11179327929019929
[ 0.2922528  -0.775081    0.11535572  0.8724271 ]
0.09981443760792177
[0.94493407 0.94160944 0.72333395 0.23811333]
0.19304606384038928
[-0.17036995  0.73325574 -0.1335471  -0.05972058]
0.22247416012982646
[-0.8954085   0.33938253  0.23811854 -0.6743471 ]
0.1622070948878936
[ 0.61520743 -0.6646738   0.86976343  0.73376405]
0.23331863753000656
[-0.1142376  -0.2441567   0.8108822   0.98519707]
0.21652544012665748
[ 0.38207102 -0.4376711   0.18996648  0.97454095]
0.2487784993052483
[ 0.02731807 -0.1436983   0.45269716 -0.8474459 ]
0.23043168363720176
[-0.73266786  0.59977174 -0.12723704 -0.61877686]
0.14967987014850218
[ 0.51496375 -0.61386496 -0.47355267  0.22666506]
0.15196773292620858
[ 0.8909003  -0.84331024 -0.1988327   0.3205698 ]
0.1887193486491851
[ 0.4901211   0.6433208  -0.3457671  -0.94052136]
0.1963570569753647
[-0.5593305  -0.21669033  0.29397166  0.71963745]
0.19154253052671633
[-0.42554128  0.22597323 -0.8216656  -0.25097707]
0.08888081095616142
