[ 0.06646974 -0.4983145   0.9364326   0.784456  ]
-0.2391638193974904
[-0.5900692   0.5937364  -0.76520574  0.17209135]
-0.022280594055850114
[-0.01939117 -0.11626711  0.5135709  -0.89362246]
-0.08239822344978533
[ 0.09411994  0.61233723  0.6994166  -0.5177174 ]
-0.16386124332249163
[-0.18511043 -0.42706522 -0.9572326   0.53564745]
-0.046187345425289066
[-0.04830927 -0.4548149  -0.54955924 -0.6684725 ]
0.022415536637108716
[-0.24872103 -0.05929198  0.7987005  -0.2930729 ]
-0.028780118818085586
[ 0.98270655 -0.35565394 -0.26621902 -0.61613274]
-0.13143351790308952
[ 0.50422573 -0.1000273  -0.48800883  0.4676794 ]
-0.10262293600042542
[-0.24366826 -0.24719486  0.8483912  -0.33299533]
-0.1856697405278683
[ 0.42677    -0.29046842  0.876421   -0.2149742 ]
-0.21394497187932568
[-0.4119523  -0.4267335   0.26286057  0.56848115]
-0.18048733439048015
[-0.50368476  0.8783018  -0.44933727 -0.6325627 ]
-0.09830025376876077
[-0.3878525  0.766227  -0.8077335  0.7644401]
-0.003227650284767153
[-0.3049207  -0.30940187 -0.6525976   0.70465183]
0.09303700689474503
[-0.21709839  0.92032003 -0.22138263  0.2565136 ]
0.11242566404740134
[-0.23348388 -0.6086592  -0.12657355  0.71667874]
0.14824978562195978
[0.703913   0.44850892 0.6947802  0.24501103]
-0.009526530633367718
[ 0.6822242  -0.14505555  0.3242541  -0.21594793]
-0.08581390115618705
[-0.42147806  0.27063435  0.39603287 -0.70422953]
-0.05678321665525436
