[-0.43238014  0.18946289  0.5056401   0.8247297 ]
-0.06414977270240704
[-0.9631774   0.4108492   0.6788742   0.42710677]
-0.1222659053156785
[-0.9056353   0.97148377  0.7296368  -0.72230077]
-0.1337057481060402
[ 0.93838024 -0.9467419  -0.17682837  0.25075588]
-0.04744690916439134
[-0.9093956   0.26239136  0.3580985   0.4781939 ]
-0.037234986932326165
[-0.6365037  -0.20657124 -0.5742185   0.5698294 ]
-0.11313258363182466
[-0.32101712  0.5866706  -0.40923667  0.40916693]
-0.12826714756091318
[ 0.37489173 -0.35483328 -0.05726693 -0.29111227]
-0.08619727082053938
[-0.63659114 -0.7030439  -0.79086876 -0.21740505]
-0.22653484839200974
[0.9709161  0.11876136 0.86679727 0.04619569]
-0.07682878606517991
[-0.6939881   0.55685    -0.6907043   0.24670713]
-0.10784026173750677
[-0.27963793  0.9734892  -0.02836798 -0.974399  ]
-0.11383656776696444
[-0.6989758   0.20370194  0.88135666 -0.13216986]
-0.06395811311403674
[ 0.8814256  -0.1878382   0.64116573 -0.855658  ]
0.0331474245587961
[-0.3257738   0.14580396 -0.4321648  -0.32746953]
0.013856985936563402
[-0.18719476 -0.5270899  -0.9204903  -0.6850727 ]
-0.1035595084031411
[-0.08469786 -0.3381948  -0.37679765  0.5342326 ]
-0.06434005764126778
[ 0.334196   -0.7785437  -0.69779015  0.94672406]
-0.0880888871947936
[-0.33534724 -0.93332875 -0.8907721  -0.22798386]
-0.12339200111230098
[ 0.96582097  0.16127428  0.31064612 -0.4033831 ]
-0.015886293590068816
[ 0.8821638  -0.9007079   0.6904205   0.42854792]
0.025920504882931707
[ 0.31856087  0.5582139  -0.705072    0.47750005]
0.022623210569221577
[0.50939435 0.57629126 0.6673834  0.46539694]
-0.15146992803613463
[ 0.3043708   0.05372301 -0.7386819   0.47202986]
-0.22251847379406176
[ 0.6154835  -0.45068136 -0.761972   -0.2668066 ]
-0.13835506316025933
[0.8220209  0.7159872  0.22754544 0.9112926 ]
-0.24206361540158824
[-0.42393497  0.18900795 -0.7248577   0.40387866]
-0.14502753728628157
[ 0.6149446  -0.11009516  0.171143   -0.1978058 ]
-0.17915486321846405
[-0.572568    0.71913266 -0.8681603  -0.3553171 ]
-0.031171899676322938
[ 0.8370938  -0.44056574  0.78340214  0.912729  ]
-0.19822605439027385
[ 0.19677089 -0.5858235   0.18624727 -0.9771428 ]
-0.22617692601680756
[-0.2584036  -0.5263205  -0.537482   -0.14272189]
-0.13358803145090503
[-0.1239681  -0.34407666 -0.8637612   0.06127419]
-0.09374128870169439
[0.3679488  0.2002115  0.4613694  0.54694736]
-0.18591004141171658
[ 0.01078586  0.55013585 -0.04620066  0.28912613]
-0.12506770267461975
[-0.4581252   0.8656493  -0.24280971  0.8599162 ]
-0.11230446708202362
[ 0.1475176   0.18227184 -0.7265682  -0.48124456]
-0.04905069905519486
[ 0.74297786 -0.53485346  0.04026385  0.8407311 ]
-0.14420201226571958
[-0.01367766 -0.02495442  0.7197051   0.9435605 ]
-0.2007519164693876
[ 0.1875559   0.897933    0.3107403  -0.68400335]
-0.18866983856757363
[-0.27029762  0.18378286  0.30631557 -0.9130065 ]
-0.14679568018515785
[ 0.33021823 -0.64868677  0.14952083  0.12778784]
-0.20846978847185893
[-0.95823437 -0.7088044  -0.95372576  0.01031887]
-0.04254711487889289
[-0.5310143  -0.05813602 -0.7054512  -0.5645287 ]
0.08569478038946907
[-0.72042996 -0.08596353 -0.18212041 -0.08079927]
0.12669519101579868
[-0.62251765  0.44716924 -0.8979658  -0.5948071 ]
0.12066413871447362
[ 0.93300575 -0.8488881  -0.12681957  0.9947494 ]
-0.021302182535331643
[-0.04412502 -0.2225887  -0.544845    0.4752113 ]
-0.10073167360325537
[-0.92604774 -0.5963607  -0.30145073 -0.7367138 ]
-0.014553169886272343
[ 0.84782976  0.25098372 -0.20500168 -0.1531472 ]
-0.05928617455561837
[-0.619636    0.41203183 -0.6097421  -0.29082292]
0.029193838596343995
[ 0.60282224 -0.12973192 -0.08051551 -0.6480691 ]
-0.030044249941907707
[ 0.9917132   0.09590552 -0.05598844 -0.2846462 ]
-0.12959296958148478
[-0.851641    0.42781502  0.7200752  -0.32549852]
-0.11261519161859912
[ 0.00431396 -0.54257834 -0.70082897  0.6534401 ]
-0.04692122150026262
[ 0.30497557 -0.37293705 -0.53844863  0.7179072 ]
-0.10643457806110382
[-0.9746088   0.8647038   0.36127558 -0.65853333]
-0.0987610871394499
[-0.4949701  -0.00294761 -0.8834892  -0.12344805]
-0.003996118921786546
[-0.5710224   0.1642083   0.30256706 -0.30562276]
-100
