[0.21766815 0.0108437  0.16549149 0.73643476]
-0.02253085132315755
[-0.13268694  0.31569862 -0.8980467  -0.5238513 ]
-0.020099766579765886
[-0.3620136   0.90721077 -0.5435393   0.12109433]
0.03480896059671801
[-0.42963374 -0.1192299  -0.80475104  0.6609176 ]
0.08920179927597563
[-0.65501314  0.01197924 -0.47190988  0.00659291]
0.0961951929666102
[-0.7041453   0.66684014 -0.8992708   0.6716377 ]
0.07483103280266362
[ 0.80263907  0.6620504  -0.513575    0.39072207]
0.02285501374490559
[ 0.45613128  0.43347073  0.8317885  -0.5486002 ]
0.06777056597669802
[-0.22967635 -0.5359793   0.75887966  0.09501501]
0.05395201761523646
[-0.6367272   0.45291516 -0.18225661  0.16292322]
0.006055967549484164
[0.91426605 0.67589456 0.3375102  0.27218   ]
0.030212941308815088
[ 0.674752    0.03380504  0.34532055 -0.17348807]
0.08057722142338754
[-0.39539564  0.25827223 -0.4206512   0.26444   ]
0.015557569017011729
[0.2940776  0.88069576 0.914855   0.33862573]
0.07806354802846906
[ 0.22572151 -0.22374664  0.08709189 -0.49187213]
0.11481020503739635
[-0.4650864   0.38663268  0.03825884  0.20860153]
0.07987587200136116
[-0.91438943 -0.61880916 -0.10146891  0.8796645 ]
0.03558005290975409
[0.05008155 0.4239073  0.24040212 0.3044073 ]
0.06742183526357251
[ 0.40186888 -0.09997955 -0.69229347  0.65560514]
0.05471469239393634
[ 0.85568535  0.07559618 -0.5301452   0.2108236 ]
0.01892472552259645
[ 0.3865329   0.29705495 -0.83250606  0.7051559 ]
0.07048241114616394
[-0.7252296  -0.65197426 -0.37211615 -0.05420087]
0.12110802881544072
[-0.13208495  0.2953542  -0.55508417 -0.719707  ]
0.11997580820322037
[-0.96955115 -0.45884776 -0.04615546  0.6922463 ]
0.2096119487832002
[-0.31997204 -0.82199967  0.8552475  -0.18022431]
0.13742010829845824
[-0.69491786 -0.8273165  -0.0641134  -0.8153982 ]
0.1915165512661151
[ 0.33035284 -0.6430482  -0.15132058  0.01084182]
0.2073329912982881
[-0.56620735 -0.14855848 -0.54726356 -0.38919386]
0.29553627854585646
[-0.73956287 -0.20855021 -0.3220842   0.68994147]
0.31294434229036056
[-0.5007098   0.42300254  0.44037312  0.02683909]
0.10028301358719549
[-0.7640037 -0.3378386 -0.8815491 -0.5262626]
0.07545672058065614
[-0.0912556  -0.91598225 -0.98211336 -0.8014031 ]
0.1644553683648519
[ 0.02146941 -0.17304847 -0.07855667 -0.83520156]
-0.03294668929527322
[ 0.32863453 -0.057082    0.21673606  0.8743254 ]
0.016432886054117288
[ 0.02605277  0.4154367   0.21177565 -0.00973587]
0.06264851239075143
[-0.29325873 -0.5433882  -0.8842441   0.20932797]
0.039330445885658254
[ 0.11665645 -0.6335909   0.6901944  -0.0653569 ]
0.09297139094273366
[ 0.47389403  0.21555796  0.17616929 -0.732383  ]
0.11232118183374404
[ 0.648659   -0.25974277 -0.11145838 -0.84628147]
0.12373961067696647
[ 0.6232322  -0.5058368  -0.6689096  -0.95078295]
0.09616840977966787
[ 0.73451406 -0.94728047  0.5861     -0.07784213]
0.10722959754864494
[-0.86160165  0.492076   -0.55361396 -0.5972325 ]
0.11215493622235952
[-0.9794721  -0.03905108 -0.51683515 -0.20605557]
0.031384538793936365
[ 0.51564175  0.09021736 -0.15531239 -0.5273168 ]
0.07183266063034535
[ 0.5911877  -0.33625346  0.8588191   0.5207767 ]
0.15434230137367927
[ 0.20504865 -0.77710736  0.12083323  0.58680856]
0.15949337257879595
[-0.09553662  0.41097623 -0.01019261  0.88004065]
0.1426219257550947
[ 0.5253907   0.84837216 -0.64534914 -0.09940871]
0.15461044773459434
[ 0.80757517  0.48650607 -0.9373453  -0.9064718 ]
0.12487988324959957
[-0.6533646  -0.7643651  -0.47048643  0.7632745 ]
0.19396239222089212
[-0.68054783  0.19644359  0.34585902 -0.4289116 ]
0.24420136317114158
[ 0.91276616 -0.53520775  0.35968882 -0.79716015]
0.24759523502985753
[ 0.74996054  0.43151703 -0.64417315 -0.10515667]
0.2935186006426811
[ 0.9356443   0.978228   -0.9855679   0.21653764]
0.29631419112284857
[-0.8053661   0.15295683  0.8316714  -0.13359235]
0.26090826435883724
[-0.6710152   0.8089014  -0.11696891 -0.41771907]
0.2212669776479415
[-0.59396124  0.61871785  0.688905    0.72008055]
0.3308205275535584
[-0.5340267   0.6040446   0.03707874 -0.65193146]
0.3343127439568452
[-0.3495159   0.20584124 -0.33325562 -0.22595233]
0.3404646492799111
[-0.36435676  0.4788208  -0.4048044   0.43970424]
0.33537523380915446
[-0.29373887 -0.46938562  0.12928714 -0.21665534]
0.34219756275415425
[ 0.26987365  0.03808871 -0.6498264   0.61763674]
0.3088925015677997
[ 0.01547116  0.8696106  -0.921687    0.08492426]
0.3767718915306032
[-0.5710492   0.3072442   0.34898666 -0.05167305]
0.36463489291071893
[ 0.12061344 -0.04250702  0.12681308  0.1252328 ]
0.41019117481013023
[-0.2712789  -0.30962878  0.879317    0.9706624 ]
0.38154682576656346
[ 0.5943993   0.28404984 -0.8391745   0.4913633 ]
0.3709294469753913
[-0.29386926  0.7903965  -0.6878524  -0.57510394]
0.348790763457615
[-0.31642264 -0.76881796 -0.00391078  0.8573064 ]
0.4007604716476053
[-0.30900657  0.02776449  0.31799087  0.27439138]
0.4297957840437702
[-0.25367957  0.95194787  0.94496614 -0.4278563 ]
0.3729880565007515
[ 0.14626119 -0.9141797   0.88358265  0.28403503]
0.42790918970108033
[0.02479627 0.9174832  0.5269667  0.6469462 ]
0.47451549628873907
[ 0.5700602  -0.20547467  0.95223564  0.5443579 ]
0.5696455175479241
[0.7130255  0.90064543 0.5334669  0.30368027]
0.568185764491558
[ 0.35251266 -0.8832905   0.43328464  0.5098193 ]
0.5288160430124662
[ 0.7966135  -0.86056334 -0.24301316  0.60259134]
0.4683888440728187
[ 0.93652827 -0.9973172  -0.69005185 -0.35617104]
0.41870003358523167
[ 0.7847614   0.58198106  0.38330445 -0.8120831 ]
0.483916813050706
[ 0.7688401  -0.23292914 -0.6852854  -0.03906495]
0.33442448819180215
[ 0.06775387 -0.55925024 -0.41677886 -0.24102506]
0.31568475272258356
[ 0.22248541  0.40865016 -0.4435898  -0.2970941 ]
0.2955674690604209
[ 0.88205105  0.8117226  -0.8701196  -0.17134403]
0.2934235349694864
[-0.60510886 -0.99812615 -0.73964196 -0.3392301 ]
0.243761672218643
[ 0.13521731 -0.6852198   0.5345264   0.3410213 ]
0.31416342782974244
[ 0.7134269  -0.23266394 -0.39239666  0.6801113 ]
0.3374992948571817
[-0.5200685   0.4695439   0.8199303   0.76607966]
0.3719701672792434
[ 0.69697404  0.5638766   0.6713552  -0.329755  ]
0.4073920825322493
[ 0.23528223  0.13821547  0.69915795 -0.25723085]
0.4286971218983308
[ 0.98087925  0.8785232  -0.29616356 -0.21556687]
0.4138018951416016
[ 0.32685694 -0.16382076  0.9182185  -0.40270323]
0.46333701493342955
[-0.790349   -0.9914309  -0.38142928 -0.7685477 ]
0.16653958253065865
[ 0.8889642   0.93313843  0.6942719  -0.11684814]
0.2699757174253464
[ 0.62507844  0.35500595  0.3168186  -0.76154757]
0.31971333746115127
[ 0.12605081  0.9662254  -0.93945277  0.05197489]
0.232463221276801
[0.65204245 0.8917169  0.77924985 0.6881218 ]
0.3153133853276559
