[-0.9636226  -0.55701715  0.4203138   0.6237312 ]
-0.1389690706531183
[-0.35050142  0.3088215   0.0213662   0.6342123 ]
-0.10329606930663425
[ 0.5508495  -0.62975305  0.48089606  0.7392596 ]
-0.03652523012955865
[-0.08665211  0.77834886  0.725444   -0.71289134]
-0.014143906235694888
[-0.28899503  0.6062677  -0.135759   -0.39378724]
-0.02910030872328207
[-0.7764568  0.8035956  0.9605443  0.8510602]
-0.12189884142251686
[ 0.95361835  0.85599905  0.7249896  -0.5839171 ]
-0.14430602691198507
[-0.10803004  0.7308623  -0.40434474 -0.09000694]
-0.03573693084219855
[-0.23339868 -0.56466264  0.07475468 -0.633568  ]
-0.038600902793310465
[-0.12192348 -0.7944355  -0.7733386   0.4421013 ]
0.021427049507077717
[0.31485537 0.5761952  0.7479743  0.7837531 ]
-0.057130810853093864
[-0.3879647  -0.45381302 -0.45893764  0.11657111]
-0.09549779271644732
[-0.21895058 -0.0866815  -0.07198066  0.30287805]
-0.09736656965315342
[0.9667682  0.90722823 0.17198622 0.25586554]
-0.05450536614656448
[ 0.87071604 -0.6767737   0.46460617 -0.15544325]
0.032206362533070264
[ 0.8964375  -0.8959154  -0.23787875  0.10597683]
-0.0351201134249568
[ 0.5769389  -0.848636    0.43720156 -0.78369933]
-0.20802642234166346
[ 0.89504135  0.9403703  -0.25603613  0.50046086]
-0.24681264156599725
[ 0.94573194 -0.4432902  -0.7328137   0.02452033]
-0.1273895211642011
[ 0.8138226  -0.44815648  0.31187156 -0.3329435 ]
-0.14142481664816303
[-0.9449644   0.5970927   0.25865737 -0.055151  ]
-0.0836656860113144
[ 0.6606908  -0.04982134  0.30280417 -0.491094  ]
-0.13671524476011832
[ 0.40990576  0.8478664   0.4248984  -0.6188714 ]
-0.18048645677169045
[-0.8978733  -0.8363506   0.8409121   0.36444095]
-0.19722590486208716
[ 0.25319645 -0.6971877  -0.3973179  -0.9965219 ]
-0.16726545643806456
[ 0.3923884   0.28387895 -0.86890894 -0.19678761]
-0.0933545599182435
[-0.9629794  -0.14826521 -0.75923926  0.35422364]
0.05662183598677436
[-0.18831754  0.8825579  -0.72779334  0.86319906]
0.059930935740470884
[-0.64687324 -0.10783873 -0.62209296 -0.19915658]
0.2265381186405794
[-0.8441058   0.29499632 -0.24788764  0.63599825]
0.15945580538238208
[ 0.03863662 -0.20289263  0.7165078   0.33605242]
-0.2694915685666092
[ 0.84024924 -0.1283702  -0.35723507 -0.6754126 ]
-0.25111196318268775
[-0.05150849  0.34006467  0.60573685  0.9881883 ]
-0.20914432274302083
[ 0.82142645  0.2736538   0.18480809 -0.6419602 ]
-0.12700516547759255
[ 0.68958384  0.92745984 -0.18808833 -0.1671875 ]
-0.09423614126443863
[ 0.08946462 -0.7937503  -0.49525085 -0.7780957 ]
-0.14277251235644142
[-0.6208397  -0.05624376 -0.47214067  0.7344811 ]
-0.22488031921287258
[ 0.09437007  0.5543367   0.8049388  -0.19222455]
-0.14446762672066685
[ 0.94403183  0.2303032  -0.7548678  -0.60182995]
-0.15333517718315126
[ 0.05863439 -0.43301886  0.12607206  0.27865934]
-0.10007873636980734
[ 0.03350658 -0.54339856  0.27315274 -0.47328275]
-0.08867998145520688
[-0.8785683   0.15018882  0.7882159  -0.0335487 ]
-0.12876460091273106
[-0.17907801  0.5232243  -0.52690595  0.2517418 ]
-0.17890327962239466
[ 0.10434336  0.8224955   0.73323387 -0.6945947 ]
-0.13489421082536499
[ 0.73344463 -0.15338312  0.70428205  0.41318348]
-0.08735653748114786
[-0.6045239  -0.73830026 -0.38836095 -0.72684884]
-0.17539263637860855
[-0.68398935 -0.44823197  0.25420734 -0.8722274 ]
-0.20490090827146928
[ 0.39621067 -0.9858758   0.6958596  -0.4957764 ]
-0.21813171966870865
[-0.2785401  -0.53677887 -0.33491462  0.10170269]
-0.25999875787893695
[ 0.81205505  0.14120182 -0.8468016   0.1025682 ]
-0.28170116510987286
[-0.31831208  0.4638372   0.5971198  -0.78316015]
-0.2638248616456985
[-0.07526331 -0.57529277 -0.8687703  -0.39152616]
-0.33359526621302205
[-0.14209394 -0.19255859  0.95505154  0.6566457 ]
-0.2706622537573167
[ 0.20531036  0.0733839   0.9450411  -0.80034053]
-0.1985319283604622
[-0.05309226 -0.854526    0.6591044  -0.776655  ]
-0.3196594850917645
[ 0.30398285  0.00645956 -0.13296075 -0.5885474 ]
-0.4258114228714257
[-0.92078835 -0.93026495  0.21080168  0.31087193]
-0.49162767622868336
[-0.6290733  -0.88898     0.92988545 -0.9024666 ]
-0.5253361029624939
[ 0.9088723  -0.94940996  0.18240264  0.68353564]
-100
