[ 0.29354212  0.6046057  -0.93654495  0.09717948]
-0.1226820810455829
[ 0.20606309 -0.16191025  0.8179331  -0.26583746]
-0.0613683265795334
[-0.19180752 -0.14555073  0.75619555 -0.53878206]
-0.049753884946305366
[0.6539637  0.35620943 0.6638016  0.08789083]
0.015929795856278326
[0.18663694 0.03952451 0.20751059 0.9212307 ]
0.053732605271663465
[ 0.78672045  0.54355675 -0.65598905 -0.06262731]
-0.1503658225396648
[-0.4725058   0.33228222 -0.5257253  -0.45933694]
-0.1125285834670067
[-0.13613881 -0.2542461  -0.0744904  -0.55991334]
-0.08794999896983426
[ 0.657625    0.7853145  -0.42256033  0.2149764 ]
-0.11608250281214715
[-0.4006686  -0.39066827 -0.48107448  0.22702152]
-0.011265096932649616
[-0.49651796  0.7751013  -0.87997353 -0.9541766 ]
0.06918276732663077
[-0.5101381   0.6856093  -0.36799145 -0.7006534 ]
0.00487545285622042
[0.9792994  0.80794555 0.01798072 0.3465261 ]
-0.07501773228496314
[-0.99152815  0.12402169 -0.22534513  0.47938776]
0.02485530829429626
[ 0.45177814 -0.62591934 -0.8467401  -0.6905914 ]
0.02939980435371399
[-0.80800813  0.6044513   0.6507593  -0.66039884]
-0.05077720890442294
[ 0.8834263  -0.21866201 -0.800539   -0.32522383]
-0.05945418588320533
[ 0.02815629 -0.10850774  0.9319137   0.22477564]
-0.09435288014759859
[-0.08181626  0.85208124 -0.5489884  -0.14656062]
-0.05693734496831894
[ 0.50107795 -0.30338827  0.1046184   0.03223627]
-0.10174061825871468
[-0.09676587  0.8744075   0.38620967  0.7296316 ]
-0.13599873621264857
[-0.41907156  0.496563   -0.36391702 -0.27030113]
-0.1437606053352356
[-0.3137451   0.4220784   0.2008773   0.39799464]
-0.11916316141685088
[ 0.6810036  -0.43432024  0.26947808  0.52774584]
-0.005646482626598268
[-0.6006839  -0.50246453 -0.04250523  0.56843424]
0.057258444547653206
[ 0.6429713  -0.11792329  0.26130033 -0.26305237]
0.07686742814382155
[-0.89943504  0.9293389   0.2246514  -0.39060733]
0.0822295231819153
[-0.26049522 -0.73559767 -0.20398074  0.4672632 ]
-0.07868792474269867
[-0.0526042   0.339055    0.18817729 -0.19283056]
-0.07452842540045461
[-0.6327843   0.06859945 -0.9542976   0.16144782]
-0.023165622850261518
[ 0.08722392 -0.80262995  0.43874997  0.5033539 ]
-0.09522360845406733
[ 0.16857365  0.7501234   0.37463886 -0.08835386]
-0.1229676051835231
[-0.12995014 -0.90680766 -0.5682548  -0.31049392]
-0.04830602463086328
[-0.00450808 -0.65800506  0.551155    0.67504734]
-0.10101753009421369
[0.56623894 0.07778673 0.59562016 0.58309346]
-0.07829249348243314
[-0.18232934 -0.7972345   0.80777436  0.5367758 ]
-0.04978093844652176
[-0.37382042  0.42409837 -0.8716589   0.13973545]
-0.17067233663797376
[ 0.02262242  0.2661987   0.98736733 -0.2872221 ]
-0.23988164066771786
[-0.5715383  -0.15301694  0.38332793 -0.5011841 ]
-0.20171547450621802
[0.38603702 0.359019   0.40742126 0.6477844 ]
-0.26160412784417353
[-0.26894566  0.96440274 -0.02273013  0.77286786]
-0.1649774816607459
[-0.09323374  0.5646039   0.44570318  0.8278692 ]
-0.1420955932637044
[ 0.51448905  0.51097316 -0.3564903  -0.47769508]
-0.1523853063185998
[-0.61888725  0.74431586  0.24257426 -0.9818265 ]
-0.10734810938438018
[ 0.06668928  0.03740388 -0.95818985  0.41869766]
0.03816971154510975
[-0.4201326   0.7715031   0.37369716  0.09364289]
0.06397981369495392
[ 0.54444695 -0.21434084 -0.4841646   0.4112856 ]
0.03683259741465369
[-0.1895232  -0.900656   -0.26906407 -0.5483772 ]
0.05438164665301523
[ 0.4851947  0.3031939  0.8059773 -0.1797242]
-0.07664959810177248
[ 4.7668990e-01 -4.6715068e-04 -4.5296171e-01 -8.6165231e-01]
-0.046720090726506895
[ 0.46148503 -0.74758    -0.5912675   0.9236721 ]
0.0543442174593584
[ 0.8753397  -0.02754068  0.04356563  0.47836152]
0.1166927518695593
[ 0.97753686 -0.22310631  0.2902169   0.46159655]
0.10566341787576676
[ 0.8996999  -0.25337338 -0.6010284  -0.1912188 ]
0.10058962885538857
[-0.98951244  0.8429998  -0.82837915  0.0752308 ]
0.0075199380815029115
[ 0.3448772   0.41763356 -0.26931888  0.24440184]
0.08430776266257087
[ 0.5397927  -0.19797187  0.479165   -0.9805253 ]
0.13962962784369665
[ 0.14434138  0.6301089   0.9587307  -0.05007389]
0.21755150222778322
[0.9070253  0.20979388 0.03197828 0.5788353 ]
0.2927239758620671
[ 0.8196373   0.39006957  0.73190975 -0.50157213]
0.3372942792971917
[-0.98400396 -0.47255233  0.57969797  0.84351975]
0.2651711384057998
[ 0.6374555   0.55413073 -0.01664929 -0.39373392]
0.3383821375022343
[ 0.03571852  0.94829315 -0.52247113  0.30741724]
0.2855493584970609
[-0.9714882   0.31404606  0.3217233   0.9685841 ]
0.2007005618413313
[-0.56864977  0.39940685  0.92329687  0.98214996]
0.20645507987340173
[ 0.48696133 -0.32718867  0.45772085  0.14517301]
0.32575571966171263
[ 0.69634336 -0.71726894  0.6154461  -0.5596116 ]
0.3248062574068717
[-0.23028162  0.6309536  -0.76360774  0.8224371 ]
0.24188086577256407
[ 0.16752848  0.9459552   0.6391553  -0.8055156 ]
0.3072593241930008
[-0.67709315  0.8488979  -0.8196501  -0.4812387 ]
0.1830067719221115
[ 0.6084141  -0.49640134  0.5527142   0.02358856]
0.21777712016304215
[ 0.6330963  -0.29441613  0.79225194  0.0670057 ]
0.2539601171314716
[ 0.96976966 -0.9769202  -0.52670807 -0.56027293]
0.19640667172273235
[-0.24809153  0.5757447   0.9185638   0.69774324]
0.25424356637398166
[ 0.464038    0.22159795  0.2613145  -0.6487869 ]
0.32705498570203784
[ 0.12461635  0.8378902  -0.8127861  -0.16256662]
0.2564749522010497
[ 0.7833194  -0.46973535  0.00898185  0.27709568]
0.19918033592526993
[ 0.43994686 -0.6190115  -0.9047329  -0.20339034]
-0.008998127480346767
[ 0.6375649  -0.13823369 -0.41181093 -0.5818869 ]
-0.0666720027526208
[ 0.3056158  -0.7423763   0.54358053  0.946226  ]
-0.17181767286857208
[-0.5210318   0.04625786  0.9887007   0.33371198]
-0.12285010132193565
[-0.5650823  -0.12936033 -0.41001233 -0.94182485]
-0.16949155559142315
[-0.7673056   0.813997    0.10423447  0.24729389]
-0.1455307278831788
[ 0.2853455  -0.48497126  0.3637573   0.4988123 ]
-0.08928730305036145
[ 0.21543095 -0.3589571   0.7256502   0.41649368]
-0.018773449818290884
[-0.1525394   0.19896756  0.11840378 -0.10152233]
0.007744819839794246
[-0.35524365  0.7880613   0.198628   -0.15077198]
-0.042463533937931064
[-0.62490535  0.7872266   0.90942013  0.99357146]
-0.07912105214595794
[-0.347363   0.9514763  0.4222062  0.8122823]
-0.05361497402191162
[ 0.7384198  -0.80133706 -0.43990114  0.783064  ]
-0.021391189376514345
[ 0.22003199  0.7709129  -0.27308828 -0.61028016]
-0.0014498139818497555
[ 0.9418412  -0.2523548  -0.20239203  0.66350734]
0.024382609347503578
[-0.56800395 -0.35130557 -0.3413677   0.7855672 ]
0.1061381411552429
[ 0.86680037  0.8814444  -0.04275631  0.59411556]
0.06935205435255927
[-0.33948502 -0.8150243   0.29227778  0.55678207]
0.03232475038369732
[ 0.04835881 -0.3652236   0.23834984 -0.05100411]
0.08007853816449642
[-0.28247157  0.4992746  -0.9329012   0.02029289]
-0.048377643843494245
[-0.73834527 -0.14528733  0.04861608  0.13556743]
0.01304249086479464
[ 0.6445986  -0.5669778   0.08916805 -0.71895874]
-0.022565662195283977
[-0.74931854  0.6247493   0.10191472  0.08536731]
0.0170701891879217
[-0.11655112  0.68290514 -0.6539202  -0.55034745]
-0.009336691170930863
[ 0.8101128   0.84012026 -0.19253081  0.6269785 ]
0.09900142383575439
[ 0.88793826 -0.804132   -0.3743583  -0.16220565]
-0.02541652896006784
[ 0.2717939  -0.20786163  0.83745694 -0.67469513]
0.005433775663375853
[-0.74424964 -0.8705069   0.39925     0.6795905 ]
-0.06520290172100068
[ 0.01215223  0.46988514 -0.30279997  0.37498912]
-0.015493017606437207
[-0.14874282  0.62904626 -0.35620916 -0.6626801 ]
-0.07324038708209991
[ 0.12207076 -0.6058327   0.3597895   0.23657897]
-0.02144389975070953
[-0.20094971  0.34141967  0.0028648   0.80714065]
0.01897245941000799
[-0.7274463   0.88053685  0.10792594 -0.4179555 ]
-0.03198631245891372
[ 0.96938396  0.5767082   0.03757762 -0.28497922]
0.05417319106062135
[-0.47737595  0.3013199   0.44978353 -0.36598703]
0.0044957909981421535
[-0.18652967  0.10981844  0.21364118  0.15013717]
0.017369795511167435
[-0.01746532  0.5939942   0.8190142   0.8842779 ]
-0.024790730915963653
[-0.7593874 -0.162071  -0.1884572  0.7197893]
-0.09139527187744895
[-0.06020184  0.6536444   0.5987758   0.11745713]
-0.03932041660447797
[ 0.57152796  0.43543994 -0.03303735  0.5209643 ]
0.004187364374596674
[ 0.27204695  0.13846518  0.27660698 -0.06375191]
0.0030204081237316105
[-0.31223005  0.25724104 -0.53416675 -0.9783006 ]
-0.08741123153765878
[-0.17677835 -0.68166137 -0.6475079  -0.03002485]
-0.16463611955444138
[-0.74223703 -0.7969585   0.6944191  -0.7317544 ]
-0.26731280998389045
[ 0.72967684  0.70846516  0.49288586 -0.11640888]
-0.14903257237871367
[ 0.6604218  -0.6841803   0.6945983  -0.38612762]
-0.08194634238879005
[ 0.40306735 -0.12406539 -0.66680825  0.6993454 ]
-0.05807666559020441
[-0.6785252  -0.82929885 -0.16814373 -0.5889193 ]
-0.12509471136331557
[ 0.9518578   0.66460234 -0.78731835 -0.16952126]
-0.08507345483700553
[ 0.6466857  -0.9552555   0.07154869  0.98354375]
-0.054889415532350536
[-0.08604872  0.9648985  -0.01635734 -0.2655338 ]
-0.03151038140555104
[ 0.72491497  0.44620946  0.5248698  -0.7019063 ]
0.033494571407634816
[ 0.08962414 -0.5959479   0.35630208 -0.5038478 ]
0.09075588023662566
[-0.77446735  0.12581791  0.8953897   0.40717652]
0.07582050981124124
[ 0.9682861   0.7359332  -0.02909955  0.00482466]
0.16639809729779878
[ 0.36052293 -0.46737602 -0.64354306  0.4054717 ]
0.005274164021015163
[ 0.50986844  0.63414234 -0.4581821   0.75336415]
0.004492697596549987
[ 0.08301201 -0.33958456  0.8357052  -0.4909836 ]
0.022725427339475544
[ 0.04156443  0.3351523   0.32944098 -0.20999132]
-0.03748061788082123
[-0.17388393 -0.69206226  0.71026593  0.17384183]
-0.10949755793809891
[ 0.92823356 -0.8598454  -0.29656363  0.08504437]
-0.26919768039385594
[-0.55027133 -0.0145318  -0.7288935   0.5582993 ]
-0.3399036773517728
[-0.04435974  0.8766768  -0.10388105  0.05174596]
-0.08005049849053106
[-0.39743617  0.2278242   0.42008352 -0.182209  ]
-0.0869863684972151
[-0.35819876  0.3143956  -0.48992345 -0.81840146]
-0.17474458281198899
[ 0.5053741  -0.23664989 -0.28656954  0.11655356]
-0.08606436109542848
[-0.7823318 -0.3755553 -0.4795184  0.4460123]
-0.13510288564364234
[-0.3877664   0.89935225  0.3089524  -0.04508674]
-0.08254177697499475
[-0.33913806 -0.7103612  -0.5490189   0.22784568]
-0.053555379569530485
[-0.36498475 -0.9791688  -0.812477    0.16254044]
-0.046230638782184516
[-0.4434353   0.74681795  0.88640434  0.06001111]
-0.014782202129561516
[-0.44853786  0.3345842   0.30908105  0.52840644]
-0.014083113988242931
[-0.32327685  0.258338   -0.02900468  0.04865947]
-0.01361685513953131
[-0.81740177  0.63969874 -0.21844094  0.02768929]
-0.04411755938331404
[-0.26705942 -0.27844813 -0.5421534   0.23012161]
-0.0434383498032876
[ 0.9734125   0.87551475  0.02076626 -0.9346096 ]
-0.01052246020982782
[-0.0222353  -0.4656306  -0.11911372 -0.22480102]
0.03163412867238006
[-0.69605863 -0.451068    0.9730845   0.9970164 ]
-0.06718411660194397
[ 0.45998898 -0.14728314 -0.82282454  0.5226447 ]
-0.10030470458666248
[ 0.38113594 -0.34593484  0.09547371 -0.4200672 ]
-0.12428960558772087
[-0.18530692 -0.90827143  0.06415322 -0.9864602 ]
-0.24549982994794844
[ 0.17695157  0.96526307 -0.23544544 -0.58021206]
-0.23328878631194666
[ 0.22953019  0.2929368   0.5149507  -0.27169824]
-0.07223647677898407
[-0.22668862  0.96327084  0.89733434 -0.06984363]
-0.053565569569665995
[-0.24327934  0.4229511   0.17587765 -0.5689357 ]
-0.040602772335212624
[ 0.67812026  0.54725844 -0.9896144   0.4190816 ]
-0.010662456393241884
[-0.39322144 -0.8266897  -0.49844936 -0.8075971 ]
-0.0301797899802514
[-0.52175164  0.12675488  0.17998485  0.4053717 ]
0.031050371547538848
[-0.04257849 -0.3878437  -0.4000818  -0.05580835]
0.03936907211443026
[ 0.08661997  0.28016165 -0.19799441  0.16196774]
0.071819843480982
[-0.16193822 -0.9148686   0.5109819   0.15830964]
0.06764341914653778
[-0.18972364 -0.7304074   0.57218176 -0.8178517 ]
0.053132715264957345
[-0.519294    0.88418627 -0.3137474   0.5323156 ]
-0.007973521272342599
[-0.3507103   0.20853847  0.16174524 -0.53989697]
-0.010363562524318696
[-0.25845307 -0.0137524   0.65569353  0.5465531 ]
0.011136290670685355
[ 0.48698223  0.33055782  0.7270824  -0.35776174]
0.0885459405183792
[0.16831714 0.34531593 0.5334071  0.01247691]
0.16406631999090315
[ 0.11533643  0.66083753  0.63714975 -0.11170909]
0.20656551969051362
[ 0.07641795  0.83987933  0.12620364 -0.8150254 ]
0.07085122236609458
[ 0.8179476  -0.90833324 -0.80517954  0.84092855]
-0.0135210187633856
[-0.5939666   0.788038    0.58436686 -0.36501914]
-0.036715651472408385
[-0.09075189 -0.46297714  0.35823148 -0.2109253 ]
-0.0447847651640586
[ 0.23000322 -0.6227175  -0.8771865  -0.8608816 ]
-0.2492728838324547
[ 0.3521793   0.95677006  0.51868665 -0.53298473]
-0.1751545090675354
[-0.12809159  0.6593828   0.27147797  0.51815206]
-0.13987848017612856
[-0.18434739  0.08374513 -0.00655582  0.55403954]
-0.06248411217083771
[ 0.34291014  0.74166256  0.05753504 -0.02008536]
-0.07608620617538692
[-0.21479763 -0.1963969  -0.7246798   0.96442056]
-0.12466377568244934
[-0.43722102  0.17615359 -0.18384552  0.8922235 ]
-0.13518020433187486
[-0.7140013  -0.25693452  0.98735243  0.68486243]
-0.14760207414627075
[ 0.43973035  0.5996849  -0.3481477  -0.9321295 ]
-0.13166479078928392
[-0.9483939   0.5831463  -0.39364633 -0.27867153]
-0.12872877852122105
[-0.0981461  -0.36419895  0.78949463  0.70880383]
-0.015024716645479202
[ 0.60653484  0.31013447 -0.5953202  -0.73864675]
-0.03678479341666022
[-0.32875624 -0.38611114  0.7220601   0.6503165 ]
0.0006571318705900359
[-0.7085985   0.11132302 -0.6683053  -0.4547566 ]
-0.0775366834302767
[-0.06872867  0.16580366  0.41038403  0.92236817]
-0.019720685760177787
[0.09647265 0.71146286 0.5467019  0.56056833]
0.022834650238353814
[-0.6483799  -0.30327502 -0.02335231  0.19056223]
0.011874870975811089
[-0.2939423  -0.56835055  0.5852834   0.02807688]
0.02254207391043741
[0.44396633 0.9105787  0.6944031  0.0888394 ]
0.08859517882267397
[ 0.49268156  0.6358799   0.68395364 -0.05201775]
0.18694328695039072
[0.32656166 0.3909859  0.3245157  0.04531847]
0.2590885979334525
[-0.93262136 -0.5137031   0.23275924 -0.12909292]
0.11573210961619776
[ 0.6139252   0.33737335 -0.4386788  -0.8778963 ]
-0.06937779378890992
[-0.06224276 -0.6778949   0.41016558 -0.70760065]
-0.09007752957940102
[0.20841968 0.2388377  0.31971136 0.30483335]
-0.033650310655433745
[ 0.32880074 -0.5914028   0.7316217   0.2873301 ]
-0.0671537469228097
[-0.5334909  -0.56408274  0.91382337 -0.5423649 ]
-0.09480044265588361
[-0.30377305  0.8125762  -0.8083306   0.8677731 ]
-0.14768060245116435
[ 0.80135113  0.5084392   0.02686919 -0.5546226 ]
-0.057137395396828654
[-0.10173248  0.52680755 -0.53399396 -0.52145815]
-0.12800566682219505
[-0.76564324  0.6725349  -0.12764496 -0.91418564]
-0.22311115618546687
[-0.03645555  0.589155   -0.00110867  0.89027524]
-0.04700215763288358
[-0.589915   -0.6905023  -0.1417782   0.55533105]
-0.10325332915782928
[ 0.41239423  0.07173517 -0.12390217  0.6523727 ]
-0.08954291641712189
[-0.2061463  -0.27599573 -0.4560731  -0.67220885]
-0.18665465621153632
[ 0.9695818  -0.76021045  0.5621276  -0.767372  ]
-0.11310687859852991
[ 0.4368457   0.12018741  0.20116864 -0.27104613]
-0.02627043953537941
[ 0.62135017  0.5460072  -0.42166913  0.17846496]
-0.00942450751860818
[ 0.30144867  0.48976386 -0.02550893 -0.36355835]
-0.048192560215793434
[ 0.5057672  -0.6045252   0.96435356  0.73231137]
-0.04803705453872681
[ 0.9119083  -0.7340967  -0.9533643  -0.05790053]
-0.07543297345936298
[0.33329114 0.3965023  0.09543202 0.8528191 ]
0.0009529757003001252
[-0.16560903  0.2358268   0.20274004  0.98559093]
0.01163072695334634
[ 0.46700132 -0.34989375  0.48245308  0.6047763 ]
-0.03268776794274529
[-0.9436742   0.89166003 -0.4024801  -0.595193  ]
-0.1399905289411545
[-0.9508894  -0.24198793 -0.30705404 -0.68484527]
-0.14651056049267572
[-0.7703884  -0.08849813 -0.94636434  0.28019983]
-0.1360849600831644
[-0.19811678 -0.9991772   0.5963932   0.12648255]
-0.1011419028441123
[-0.8442799   0.62493104  0.90296555  0.53545994]
-0.12192538273334505
[ 0.27834854 -0.9808188  -0.8483741   0.25831875]
-0.06987108353773872
[0.72985065 0.7062685  0.3103803  0.8024168 ]
0.006816951354347057
[ 0.12721328  0.21821119  0.4628429  -0.18607359]
0.08596472535530489
[-0.20001668  0.75788814  0.7813231  -0.8996557 ]
-0.06342259705066682
[ 0.02601786  0.5442394  -0.02893024  0.4167201 ]
-0.01186946028719109
[ 0.3691788   0.6213977  -0.97631985 -0.05363296]
-0.0731830333670004
[ 0.3200875  -0.16775504 -0.22089446  0.43706864]
0.0631040534575804
[ 0.00117951  0.713847    0.7353872  -0.6862744 ]
0.06426130589019892
[-0.19678669 -0.06843051 -0.37763432  0.6611313 ]
0.02702892925342161
[-0.739676    0.14955823 -0.34499565  0.42970896]
-0.037631868223350434
[ 0.6223665   0.40979618 -0.33330637  0.6643572 ]
0.1041877672672272
[-0.97630095 -0.5936571  -0.27340022  0.6162338 ]
-0.1201014276345559
[ 0.70064396 -0.6669499  -0.04902029  0.228855  ]
-0.07987021956344681
[ 0.07537489  0.49537647 -0.21684238 -0.968104  ]
-0.08425978573163231
[-0.15879779 -0.5709522   0.16939674 -0.87375516]
-0.09502776026725768
[-0.06148592  0.4497369   0.15088803 -0.2750675 ]
-0.0544493959148713
[-0.41243237  0.93424076 -0.93840027 -0.13365488]
-0.12480428808927535
[-0.9049288   0.8838138   0.49752235  0.7137232 ]
-0.14374537698427953
[-0.6843579   0.85124665 -0.9524244   0.8888829 ]
-0.1328285790681839
[-0.16367671 -0.48383012 -0.73457694 -0.9620457 ]
-0.17435389216740807
[-0.0570164  -0.09308261  0.43471056 -0.47857812]
-0.10630383173624793
[-0.47690016  0.44055158 -0.76372653 -0.5193387 ]
-0.14228663078944004
[ 0.6914537   0.7711613  -0.07928833 -0.3169185 ]
-0.08136560721198481
[ 0.33185235 -0.70716447  0.02886393 -0.6384183 ]
-0.04855434853583574
[-0.2290999   0.65030676  0.80753034  0.45503512]
-0.019128787239394963
[ 0.21117091  0.96596086 -0.07144281 -0.5568158 ]
0.0012378462553024275
[ 5.8921260e-01  8.1571454e-01 -5.0450646e-04 -6.9062555e-01]
-0.025378572026187672
[0.27390194 0.70296395 0.9762813  0.77357954]
0.014246768315631955
[ 0.09155411  0.2874337  -0.14927329  0.8673786 ]
0.05554487892985345
[ 0.74557513 -0.7553516  -0.13783246  0.81465775]
0.008544554233551029
[-0.18636338 -0.0310116   0.9113542  -0.7389837 ]
-0.060662738546729086
[ 0.5242278   0.36453646 -0.544595    0.6623206 ]
-0.0633346709807702
[ 0.44808665 -0.7775877  -0.5402358  -0.9860605 ]
-0.1097058782180174
[-0.12412527  0.73562276 -0.07828736 -0.14645644]
-0.06187500685453415
[ 0.40829155  0.47670943 -0.5232464   0.62075347]
-0.005049780646957578
[-0.33182523  0.38128144  0.72549087 -0.15441705]
0.034245965301990505
[-0.05476296  0.25184703 -0.00887316  0.5731381 ]
0.06583955111602705
[-0.74334425 -0.06036715 -0.22115196  0.2624423 ]
0.024714405044913294
[0.28476712 0.20635863 0.50787175 0.7530087 ]
0.07301178401708602
[ 0.4384022  -0.34309798  0.9554688  -0.9576244 ]
-0.08777525887886446
[ 0.11268827 -0.80397743  0.4621392  -0.06654169]
-0.13290140117208282
[ 0.1215153  -0.7426025   0.20817958  0.86747825]
-0.02549822302659234
[ 0.03534702 -0.31631178 -0.05712593  0.33152783]
-0.012260689929127693
[-0.5829845  -0.6986152  -0.11725109  0.4028086 ]
-0.13993433118860044
[ 0.709633    0.99138284 -0.13446143  0.735005  ]
0.01083098469178
[-0.06432692 -0.9153495  -0.22262177 -0.9580299 ]
-0.12071369249622146
[-0.16859491 -0.38078952  0.8062678  -0.3523529 ]
-0.06511204328139504
[-0.5868319  -0.7457187   0.2297412   0.16118321]
-0.1411122831304892
[ 0.78056294 -0.83834535  0.40689805 -0.5986722 ]
-0.23848126339912418
[-0.14278217  0.06949477  0.9558817  -0.45841357]
-0.15228607145944992
[-0.09060637  0.6043568   0.36529893  0.70018935]
-0.13491903977593023
[0.80001765 0.7862585  0.5572063  0.8562711 ]
-0.06028068745136261
[ 0.94610816 -0.37947747  0.5693285   0.9923835 ]
-0.01283468310038012
[-0.6436788  -0.484887   -0.78483915  0.23266551]
-0.12575892309347908
[-0.34859237  0.40014964  0.57676524  0.97563726]
0.021277277191478823
[-0.27736533 -0.81970453 -0.56121707 -0.44584763]
-0.05502833286920946
[-0.69862086  0.14647928  0.36337638  0.34040314]
-0.02155109512805939
[-0.8987053   0.00675426  0.34434894 -0.25755018]
-0.0760514577453359
[0.29945955 0.10123037 0.77950495 0.288825  ]
0.004807723462581633
[-0.49923167  0.06378859 -0.4643195  -0.5795628 ]
-0.079274832675852
[-0.7718808  -0.8166806  -0.21398605  0.39831844]
-0.07473129691680508
[-0.9104562   0.41376224  0.3909993  -0.9916789 ]
-0.1392428055604287
[-0.24628344  0.25931564  0.998112   -0.7047231 ]
-0.07019013667106629
[ 0.4548839  -0.67122895 -0.9259511   0.5843644 ]
-0.02140832928816596
[-0.52241474 -0.92343247  0.8881858  -0.70906913]
-0.015817988673843555
[ 0.5223453  -0.645221    0.8721849   0.09072432]
0.08153435905774316
[-0.2072615   0.17522964 -0.91158956  0.33254856]
0.008438078920047677
[-0.52269113  0.7359487   0.5577487   0.9036508 ]
0.006814118067421132
[ 0.99782234 -0.77673626  0.51394576 -0.4512208 ]
0.07424814057350158
[-0.98982406  0.21078715 -0.22312582  0.73673713]
-0.007814527273178102
[ 0.20071954  0.00734846 -0.47899643 -0.3034477 ]
0.002849255913250035
[ 0.93198436  0.47554338  0.6812017  -0.3903029 ]
0.08186981978018959
[-0.5535919  -0.5807636   0.10530104  0.49509743]
-0.012858516822259818
[-0.11803718 -0.15030278 -0.5249717  -0.13165154]
-0.04595057866970462
[ 0.5712584   0.5566154   0.09436122 -0.30652323]
-0.08526342356204987
[ 0.14385477 -0.20890549 -0.5405044  -0.35786718]
-0.14819769076506414
[-0.35433987  0.85209626  0.18865016 -0.4780864 ]
-0.08232667211691656
[-0.04217516  0.91113037 -0.8187136  -0.53292876]
-0.08246697753667832
[-0.4611163  0.7345363  0.6038875 -0.2827727]
-0.07280823719501496
[-0.51713604 -0.46149138  0.9745149   0.26527637]
-0.041570484002430054
[-0.6787856   0.7984503   0.5970334  -0.03584772]
-0.05169220121701441
[ 0.38841322 -0.1625173   0.96878624 -0.601145  ]
0.05193448811769486
[ 0.11237383 -0.2380602   0.07852858 -0.581855  ]
0.029280264933902827
[ 0.338561   -0.5987218   0.17475031  0.6474504 ]
-0.06166468995809555
[ 0.3492496  -0.15826623  0.15841377 -0.4641328 ]
-0.058552051842212675
[-0.5354089   0.15220545  0.39515424 -0.97774005]
-0.10056157002846518
[-0.12776805 -0.02418601  0.3908345   0.29459748]
-0.04631016267339152
[-0.21657741  0.12265464 -0.3719706  -0.29116392]
-0.09867276373505593
[-0.6507937  -0.02469576 -0.5037753  -0.43029734]
-0.1326966739197596
[-0.7043747  -0.7369502   0.7519447  -0.26457772]
-0.10661702219644946
[ 0.19353634 -0.21708931  0.9082646   0.8009288 ]
-0.06244137475888052
[ 0.04645622 -0.53016245  0.40455535 -0.93055695]
-0.10730014193058014
[-0.9194094  -0.8398145  -0.3866482   0.09782442]
-0.2538478104968854
[-0.08611622  0.17579098  0.39034644 -0.00874757]
-0.12662296165525913
[0.7688708  0.03160851 0.9671095  0.6449008 ]
-0.05369874627391616
[ 0.27234116 -0.2513389  -0.35151    -0.76728886]
-0.13980542171001434
[-0.60047704 -0.5535518  -0.6109959  -0.86587936]
-0.18334789899985116
[ 0.77506167  0.60876983  0.12131549 -0.8921635 ]
-0.09904588211575907
[-0.3476977   0.35065407 -0.04432615  0.21277653]
-0.03409879828492919
[-0.32559863  0.34733033 -0.1510731   0.7958369 ]
-0.025317631840705873
[-0.7196134   0.29075724 -0.60634613  0.7387781 ]
-0.061573033809661865
[ 0.2158015  -0.1915728  -0.01013975  0.6615779 ]
-0.006003957401961088
[ 0.06886876 -0.74962854 -0.7501832  -0.83319354]
-0.10339042247335234
[ 0.07495836  0.1095817  -0.66505194  0.41954   ]
-0.01647216331958771
[-0.35239536  0.4040713  -0.7567993   0.55732   ]
-0.03322331249713898
[-0.29610106  0.4205052  -0.4951333  -0.1648848 ]
-0.020663766225177856
[ 0.25467384 -0.53502375 -0.3512762   0.36406767]
0.014040349682170954
[ 0.5841207  -0.41285947  0.7650437  -0.505858  ]
0.08270413768291475
[ 0.91762763  0.8023409  -0.6019765   0.46333775]
0.07157203086217481
[-0.09791615 -0.9077288  -0.18776797  0.29098672]
0.0256787772476673
[-0.4350545  -0.7133896   0.62970984 -0.7831954 ]
-0.0622153993844986
[-0.5278999  -0.5634519   0.89101744  0.4779908 ]
-0.05410076832771302
[0.229372   0.19287127 0.9465887  0.37407473]
0.05614495281378192
[-0.8342823  -0.18398163  0.63343406  0.9671441 ]
0.023794208089511788
[-0.0968075  -0.6725799  -0.00464694 -0.79997796]
0.04481086734992644
[ 0.2737357  -0.99780995  0.93246824  0.25263262]
0.06860734023650725
[0.63353914 0.6393865  0.01246149 0.47876933]
0.14249483042085928
[ 0.22677085 -0.2372551   0.7296405   0.4949715 ]
0.019168862620990667
[ 0.21062338 -0.26517484  0.8037579  -0.4081185 ]
0.08113516229391099
[-0.24905223  0.21094467  0.8131768   0.56976646]
-0.03636214466889581
[0.3492014  0.4746519  0.64154994 0.12484216]
-0.025190995802484337
[-0.97598594  0.90634966 -0.66701525 -0.6117448 ]
-0.1842189250389711
[-0.0438796   0.6065458   0.07005118 -0.26968113]
-0.12212608842551709
[-0.82224756 -0.05834273 -0.69205153 -0.50892115]
-0.2771747578382492
[0.7052262  0.4653994  0.87900627 0.36351034]
-0.16091741863886636
[ 0.13670196 -0.986195    0.32838657  0.4701876 ]
-0.10867088907957079
[ 0.2912367   0.03683651 -0.24276382 -0.692806  ]
-0.13371249772111693
[ 0.2865749   0.7427124   0.43644366 -0.02771747]
-0.0841951996336357
[0.48354805 0.7326534  0.3995466  0.23462874]
-0.09930541261037426
[ 0.2616702  -0.38793245  0.8297611  -0.43020737]
-0.10815438842773437
[ 0.78724563 -0.869951   -0.34165096  0.55099314]
-0.13143217039108276
[ 0.895398   -0.33109283  0.14066406 -0.15391856]
-0.09778785751263064
[0.6887543  0.40347525 0.449097   0.1288527 ]
-0.0005111597776412957
[-0.07858051  0.33860406  0.6086298  -0.41427082]
0.023313410431146618
[ 0.05017838 -0.73760706 -0.00616583  0.16917041]
-0.04753883768369991
[ 0.16382375 -0.9543451   0.83257806  0.06298853]
-0.030661120384931566
[-0.08970321 -0.91690016  0.49661183 -0.8153212 ]
-0.1069412973423787
[ 0.85256743 -0.21749477  0.61236924 -0.7390471 ]
0.004712220529716406
[ 0.9811116   0.34832248 -0.530876    0.10139199]
-0.01341982196768362
[0.19266999 0.03340615 0.2640759  0.01541682]
0.06743822118888418
[-0.26223204 -0.11023784 -0.2612624  -0.09705404]
0.027802914212148575
[-0.80900604  0.8240253  -0.51007074 -0.9779081 ]
-0.10059476045767585
[ 0.7518689  -0.08024139 -0.8340143  -0.2737156 ]
0.011878592163324351
[ 0.75069547 -0.00201365 -0.3411058  -0.08456551]
0.036196978248346535
[ 0.52782786 -0.08352839  0.46176115 -0.07733507]
0.050037642747163776
[-0.757579   -0.71243274 -0.18604288  0.51813567]
-0.02453475757440168
[-0.8321871  -0.35909352  0.790016   -0.4260214 ]
-0.056726235906280696
[ 0.6466778  -0.23806846  0.3843122  -0.709522  ]
-0.047116081873577034
[ 0.08565301 -0.03924493  0.8573365  -0.07164545]
0.036370588168501854
[-0.07091206 -0.49732876 -0.7637782  -0.06717385]
-0.09190946091214935
[-0.94223535 -0.61584055 -0.82636744  0.77943087]
-0.14302885699272155
[ 0.25560042 -0.4404996   0.15387486 -0.16657424]
-0.13464368079105776
[-0.6825077   0.09457692  0.13621205  0.92807174]
-0.19103802187244212
[ 0.02670544 -0.7271264  -0.46716496  0.88784647]
-0.04658098777383566
[ 0.52731484 -0.7791636   0.7898738   0.2228758 ]
0.03134474321206292
[0.1974655  0.69480836 0.94394374 0.9940739 ]
0.05660720409949856
[ 0.0283394  -0.10480613  0.8592181   0.32394978]
0.14533512210597477
[ 0.6156698  -0.15305287  0.562262   -0.4780275 ]
0.12668318549792093
[-0.62958384  0.5484116   0.72582865  0.3723379 ]
-0.020676852583885193
[-0.83826715  0.28863657  0.8490697   0.5551335 ]
-0.028837707181773968
[-0.23950018 -0.6204433  -0.935911   -0.6821686 ]
-0.1785332699219362
[ 0.18438505  0.40491456 -0.9346057  -0.00153576]
-0.17373268768703568
[ 0.71463317 -0.80891204  0.31530318 -0.16066037]
-0.10401248397430021
[ 0.2187854  -0.11008576  0.82336503 -0.78920895]
-0.1022442380289213
[-0.39304015 -0.84628636 -0.34969538 -0.37823713]
-0.17555988089243688
[-0.9127926   0.22877698  0.971215   -0.20043062]
-0.1448007060289383
[-0.49765414  0.12680201  0.35168195 -0.34628788]
-0.12911591639121256
[-0.06957552  0.7526403  -0.78601974 -0.9902803 ]
-0.2378813945452384
[ 0.9609961   0.8312275   0.83799905 -0.45851547]
-0.11351520387331765
[ 0.63661313 -0.44985178  0.89149934 -0.20599142]
-0.017838835000991822
[-0.47183084  0.4335003   0.8755196  -0.7901665 ]
-0.004489420334495727
[-0.24195084  0.7808404  -0.46577728 -0.25227684]
-0.03524020779132843
[ 0.68855196 -0.22269416  0.30310893 -0.6686256 ]
0.02750358915328979
[-0.95601994 -0.1367467   0.8805548  -0.34246624]
0.0009296242396013045
[-0.73851174 -0.2023898  -0.41565943  0.6878531 ]
-0.08016734671592712
[-0.06053497 -0.58436114  0.85082597 -0.756228  ]
-0.03112222896019381
[ 0.5459139  -0.04756195 -0.61759734  0.40950924]
-0.012809799904625807
[-0.44606227 -0.29177147  0.3291633   0.18322694]
-0.012975804050762263
[ 0.61844224 -0.9780086   0.05952305 -0.51574767]
-0.21182874596118928
[ 0.61883205 -0.44287923 -0.4129457  -0.36439595]
-0.2170721549193076
[-0.6992355   0.61235553 -0.5416867  -0.8033198 ]
-0.2717763508160897
[ 0.23956327 -0.7181818  -0.17319718 -0.7646471 ]
-0.04029708760976791
[ 0.76923054 -0.5943561   0.52943075 -0.6943802 ]
0.016990539709724584
[ 0.1853712   0.36641273 -0.4880731   0.54240185]
0.026563584069412137
[ 0.69358134  0.9780745  -0.35493192 -0.19258523]
0.015878493825595762
[-0.15232632 -0.1724462  -0.5482911  -0.07400999]
0.022351971199113935
[ 0.06291638 -0.02499668  0.7352747  -0.98810035]
0.04328155118723592
[ 0.61054313 -0.14507483 -0.33294877  0.427056  ]
0.04485951580604154
[ 0.29757977  0.02627492 -0.34204063  0.38483372]
0.08057706322769088
[ 0.6890636  -0.02231407  0.46926498  0.35920203]
0.09105778663605452
[ 0.99241704 -0.04532773  0.3106982  -0.1990307 ]
0.10495417891939718
[-0.50423783  0.7910968  -0.5075758  -0.6515812 ]
0.0033715246518441176
[ 0.54217005 -0.71419924  0.6731397  -0.36857292]
0.08875108289718628
[ 0.59360856  0.3703126  -0.99028873 -0.19874471]
0.0340629523396492
[-0.12912506  0.254516    0.09606129 -0.5350491 ]
-0.014255253195762634
[-0.07004061 -0.5068896  -0.24090023 -0.72754836]
0.021227860858041854
[-0.42720425  0.38233918 -0.23408677 -0.988354  ]
-0.013193092505134759
[ 0.97189516  0.98273444  0.09342167 -0.5159858 ]
-0.05417727965116501
[-0.3850691   0.28397968 -0.38620406  0.440308  ]
-0.035224963029228035
[-0.67879325  0.8339544   0.1393536   0.6708757 ]
-0.10529426268736285
[-0.8714942  -0.23239699 -0.48682317 -0.8496326 ]
-0.10749137703577796
[ 0.10728398  0.170447   -0.7606231  -0.61692184]
-0.06746991827090462
[ 0.70374036  0.6777944  -0.53221464 -0.81303823]
-0.06025033235549927
[ 0.62944865 -0.604803   -0.38694596 -0.85557   ]
-0.07666646130879957
[ 0.0014051   0.16530605 -0.87319    -0.93252367]
-0.05703705925028771
[-0.4605535  -0.9377739  -0.10059465  0.7139044 ]
-0.05797815514604014
[-0.6124576   0.98484504 -0.01493378  0.7052253 ]
-0.06365843405202032
[0.6451072  0.65984464 0.7102871  0.95080906]
0.02388972586393357
[-0.0122337  -0.39228952 -0.67611885  0.98513275]
-0.04512001239260274
[-0.6399698  -0.08844616  0.3355524  -0.52944994]
-0.059224605123199645
[-0.10547535 -0.8824572   0.2587076  -0.05355427]
-0.03926083676020423
[ 0.9283329 -0.5847647  0.7944773 -0.56902  ]
-0.14289524577061452
[-0.45219025 -0.7464663   0.16788782 -0.4366664 ]
-0.20393038640419406
[0.03476139 0.25640732 0.89109373 0.8997947 ]
-0.13957494545479854
[ 0.6894754  -0.07979858 -0.7750562   0.31484967]
-0.13392050381501397
[0.5931417  0.67362946 0.40368554 0.6824365 ]
-0.07598066409428796
[ 0.2452247  -0.7457985   0.39602697  0.0058106 ]
-0.1401241157862059
[ 0.44119692 -0.16479118  0.9018838   0.27154103]
-0.08072737274567404
[ 0.0660691  -0.6433386  -0.31432164  0.7210593 ]
-0.03728863629698753
[-0.7364476   0.3560643   0.32467198  0.11776246]
-0.07362268990278244
[-0.8257348   0.13977428 -0.68136877  0.8159754 ]
-0.08808473219474038
[-0.02226332 -0.74764764  0.86511904 -0.21092623]
-0.009743760995566845
[-0.84199995 -0.12697722  0.39658466  0.33504266]
-0.042238425910472874
[ 0.2544921   0.4477139  -0.02221934  0.5352621 ]
0.0049865428234151955
[ 0.62755305  0.32074443 -0.4915546  -0.14217018]
0.018138552407421286
[0.5684549  0.6372065  0.64783245 0.6185001 ]
0.0908570762872696
[ 0.22556557  0.5880945  -0.3028749   0.06299364]
-0.0521006017426626
[0.8491449  0.6020259  0.7038207  0.10782775]
0.007992258777219853
[-0.9754703 -0.6909535 -0.9437659  0.7706594]
-0.1052937356630973
[ 0.18090302 -0.3186613   0.532482   -0.61692464]
-0.059111353655654994
[-0.3534142  -0.11817285  0.22831804  0.25648373]
-0.058142523527145384
[-0.37465096 -0.45072907 -0.9071584   0.0576078 ]
-0.14498632863660535
[-0.316079    0.2044522  -0.7522904   0.16298781]
-0.0644706654548645
[ 0.4064778   0.55633324 -0.12554117  0.6913461 ]
-0.05970498806238174
[-0.04172866 -0.23350565 -0.73351264  0.8959078 ]
-0.03919588173925877
[-0.60553813 -0.96183956  0.32918397  0.45236334]
-0.09777028755347053
[-0.30258673  0.02029599 -0.48632103 -0.8149792 ]
-0.13624526118735591
[-0.63602763  0.35245925  0.8374197   0.91590124]
-0.09440746939182283
[ 0.17696273 -0.29029393  0.61716735 -0.01997728]
0.008654953216515361
[-0.00487106  0.1504409  -0.93323606 -0.01671347]
5.410180923720863e-05
[-0.0730945  -0.7963113   0.13223195 -0.5994152 ]
-0.01384771853685379
[0.78057384 0.7973174  0.10858905 0.7783353 ]
0.04775226311882219
[ 0.6681654  -0.30061656  0.61080784  0.05490502]
0.04905355205635347
[0.68145925 0.938352   0.680092   0.9703586 ]
0.05445766844351968
[-0.7846272  -0.17921452  0.97910523  0.6602718 ]
0.0865961679816246
[-0.5462445   0.8688678   0.40935218 -0.45397294]
-0.043782128552593405
[ 0.74958783  0.42750123 -0.08330203  0.06244051]
-0.019392929996054565
[-0.71803117 -0.7878781  -0.0139308   0.20506707]
-0.14691774750128386
[ 0.01009655 -0.9740038   0.6808065   0.7517243 ]
-0.24981795366729417
[ 0.3777997  -0.25934178 -0.8648043  -0.15872319]
-0.23685679910580082
[-0.70431644 -0.19489488 -0.6420052   0.25581118]
-0.26237198209762574
[ 0.19845209  0.45543173 -0.32926607 -0.26138213]
-0.2577898597717285
[ 0.8105263  -0.8242331  -0.6607963  -0.25088945]
-0.1189390298128128
[-0.17369537 -0.8270528  -0.4965013  -0.24328505]
-0.08178639674186707
[-0.9481653  -0.10570057  0.22339705  0.38868806]
-0.1107907815178259
[0.814079  0.599824  0.7869475 0.7807776]
-0.02331598822275561
[-0.4282296   0.51311    -0.6767432  -0.89829475]
-0.10142939285437384
[-0.36234647  0.52143407 -0.1658464   0.84160835]
-0.046058300971984864
[ 0.7333429  -0.03110986  0.23599976  0.11615377]
0.0566455175255724
[-0.04400021  0.5835537  -0.7209232   0.4699306 ]
0.03027639365196228
[ 0.6742344   0.43684995 -0.2711677   0.473483  ]
0.09903298477331916
[-0.3015033  -0.74623704  0.04520053 -0.09514306]
-0.020522370398044592
[0.7903796  0.14547943 0.7846631  0.6362793 ]
0.033829350809257426
[ 0.29946086  0.04351773 -0.38093632  0.7650958 ]
0.10639784473677359
[-0.21732403  0.8445581   0.33131126 -0.7341955 ]
0.08620649733145913
[ 0.6946484  -0.15426974  0.8594235   0.8937937 ]
0.1997107111016921
[ 0.6077669   0.5089943  -0.26203293 -0.19689354]
0.22488190362850943
[ 0.05997334  0.790074   -0.8700841  -0.32251295]
0.11400065690775593
[ 0.9793873   0.23613079  0.34967396 -0.79841226]
-0.07105033902327339
[ 0.33066297 -0.74224466 -0.33247203  0.5805867 ]
-0.19343507685263833
[ 0.6089053   0.00933725  0.12194659 -0.33863124]
-0.15137490414579594
[-0.8719756   0.56826854  0.14954098 -0.23364887]
-0.21564688767989712
