[-0.9636226  -0.55701715  0.4203138   0.6237312 ]
-0.14068349860856694
[-0.35050142  0.3088215   0.0213662   0.6342123 ]
-0.10489482855051756
[ 0.5508495  -0.62975305  0.48089606  0.7392596 ]
-0.03811787989735603
[-0.08665211  0.77834886  0.725444   -0.71289134]
-0.015962463350348063
[-0.28899503  0.6062677  -0.135759   -0.39378724]
-0.030938645189162346
[-0.7764568  0.8035956  0.9605443  0.8510602]
-0.12202281900603709
[ 0.95361835  0.85599905  0.7249896  -0.5839171 ]
-0.14564443260183174
[-0.10803004  0.7308623  -0.40434474 -0.09000694]
-0.03706523183733225
[-0.23339868 -0.56466264  0.07475468 -0.633568  ]
-0.039921252777177896
[-0.12192348 -0.7944355  -0.7733386   0.4421013 ]
0.01610080910598119
[0.31485537 0.5761952  0.7479743  0.7837531 ]
-0.05903753278342268
[-0.3879647  -0.45381302 -0.45893764  0.11657111]
-0.09740430890209972
[-0.21895058 -0.0866815  -0.07198066  0.30287805]
-0.09927165641387185
[0.9667682  0.90722823 0.17198622 0.25586554]
-0.05642652939756948
[ 0.87071604 -0.6767737   0.46460617 -0.15544325]
0.030223394542932512
[ 0.8964375  -0.8959154  -0.23787875  0.10597683]
-0.029343808052439305
[ 0.5769389  -0.848636    0.43720156 -0.78369933]
-0.20922107730557404
[ 0.89504135  0.9403703  -0.25603613  0.50046086]
-0.2480547694563866
[ 0.94573194 -0.4432902  -0.7328137   0.02452033]
-0.12857613043238958
[ 0.8138226  -0.44815648  0.31187156 -0.3329435 ]
-0.1426189559698105
[-0.9449644   0.5970927   0.25865737 -0.055151  ]
-0.08515385256210727
[ 0.6606908  -0.04982134  0.30280417 -0.491094  ]
-0.13803486427664757
[ 0.40990576  0.8478664   0.4248984  -0.6188714 ]
-0.18181875469287473
[-0.8978733  -0.8363506   0.8409121   0.36444095]
-0.19852510233720025
[ 0.25319645 -0.6971877  -0.3973179  -0.9965219 ]
-0.16854689172903814
[ 0.3923884   0.28387895 -0.86890894 -0.19678761]
-0.09468466240167618
[-0.9629794  -0.14826521 -0.75923926  0.35422364]
0.05523825323581696
[-0.18831754  0.8825579  -0.72779334  0.86319906]
0.057771332800388334
[-0.64687324 -0.10783873 -0.62209296 -0.19915658]
0.22716284858187274
[-0.8441058   0.29499632 -0.24788764  0.63599825]
0.13450826128820342
[ 0.03863662 -0.20289263  0.7165078   0.33605242]
-0.27255827333033084
[ 0.84024924 -0.1283702  -0.35723507 -0.6754126 ]
-0.2541265897850172
[-0.05150849  0.34006467  0.60573685  0.9881883 ]
-0.21221364902456838
[ 0.82142645  0.2736538   0.18480809 -0.6419602 ]
-0.13002761270602425
[ 0.68958384  0.92745984 -0.18808833 -0.1671875 ]
-0.09744912467400352
[ 0.08946462 -0.7937503  -0.49525085 -0.7780957 ]
-0.14590249133110048
[-0.6208397  -0.05624376 -0.47214067  0.7344811 ]
-0.22813536611695964
[ 0.09437007  0.5543367   0.8049388  -0.19222455]
-0.1476607071459293
[ 0.94403183  0.2303032  -0.7548678  -0.60182995]
-0.15650692411263667
[ 0.05863439 -0.43301886  0.12607206  0.27865934]
-0.10317748251060764
[ 0.03350658 -0.54339856  0.27315274 -0.47328275]
-0.0916758549461774
[-0.8785683   0.15018882  0.7882159  -0.0335487 ]
-0.13206119970480362
[-0.17907801  0.5232243  -0.52690595  0.2517418 ]
-0.18236023477713387
[ 0.10434336  0.8224955   0.73323387 -0.6945947 ]
-0.1380837447742633
[ 0.73344463 -0.15338312  0.70428205  0.41318348]
-0.09002077569564065
[-0.6045239  -0.73830026 -0.38836095 -0.72684884]
-0.17803827297687533
[-0.68398935 -0.44823197  0.25420734 -0.8722274 ]
-0.20758189042409142
[ 0.39621067 -0.9858758   0.6958596  -0.4957764 ]
-0.22058758997917177
[-0.2785401  -0.53677887 -0.33491462  0.10170269]
-0.26282079939047615
[ 0.81205505  0.14120182 -0.8468016   0.1025682 ]
-0.2845648205975704
[-0.31831208  0.4638372   0.5971198  -0.78316015]
-0.26662590245405593
[-0.07526331 -0.57529277 -0.8687703  -0.39152616]
-0.3318037691414356
[-0.14209394 -0.19255859  0.95505154  0.6566457 ]
-0.2678565339843444
[ 0.20531036  0.0733839   0.9450411  -0.80034053]
-0.1962278512120247
[-0.05309226 -0.854526    0.6591044  -0.776655  ]
-0.31952694423000133
[-0.9273069  -0.81790066  0.8432301  -0.55533373]
-0.4741811054547616
[-0.46899053 -0.5407571   0.5397181   0.6023928 ]
-0.4560026411612817
[-0.3128793   0.40624043  0.68685895  0.33903155]
-0.46817812788486485
[ 0.8031021 -0.4179014  0.867163  -0.894313 ]
-100
