[-0.9636226  -0.55701715  0.4203138   0.6237312 ]
-0.14003854631694773
[-0.35050142  0.3088215   0.0213662   0.6342123 ]
-0.10429025677591562
[ 0.5508495  -0.62975305  0.48089606  0.7392596 ]
-0.037523403659462926
[-0.08665211  0.77834886  0.725444   -0.71289134]
-0.015279938168823722
[-0.28899503  0.6062677  -0.135759   -0.39378724]
-0.030253333277069035
[-0.7764568  0.8035956  0.9605443  0.8510602]
-0.1221115171397105
[ 0.95361835  0.85599905  0.7249896  -0.5839171 ]
-0.1451501896455884
[-0.10803004  0.7308623  -0.40434474 -0.09000694]
-0.03657770713170251
[-0.23339868 -0.56466264  0.07475468 -0.633568  ]
-0.039440099249284655
[-0.12192348 -0.7944355  -0.7733386   0.4421013 ]
0.018259007844455416
[0.31485537 0.5761952  0.7479743  0.7837531 ]
-0.05832228209078312
[-0.3879647  -0.45381302 -0.45893764  0.11657111]
-0.09668809654129285
[-0.21895058 -0.0866815  -0.07198066  0.30287805]
-0.09855529736975592
[0.9667682  0.90722823 0.17198622 0.25586554]
-0.05569479918479919
[ 0.87071604 -0.6767737   0.46460617 -0.15544325]
0.030967436219252763
[ 0.8964375  -0.8959154  -0.23787875  0.10597683]
-0.03171792997171363
[ 0.5769389  -0.848636    0.43720156 -0.78369933]
-0.208787053046126
[ 0.89504135  0.9403703  -0.25603613  0.50046086]
-0.2476010284771546
[ 0.94573194 -0.4432902  -0.7328137   0.02452033]
-0.12814126115292312
[ 0.8138226  -0.44815648  0.31187156 -0.3329435 ]
-0.14218462437391283
[-0.9449644   0.5970927   0.25865737 -0.055151  ]
-0.08461184269189835
[ 0.6606908  -0.04982134  0.30280417 -0.491094  ]
-0.13755144577224931
[ 0.40990576  0.8478664   0.4248984  -0.6188714 ]
-0.181330421288807
[-0.8978733  -0.8363506   0.8409121   0.36444095]
-0.19805287212133407
[ 0.25319645 -0.6971877  -0.3973179  -0.9965219 ]
-0.16807870221138
[ 0.3923884   0.28387895 -0.86890894 -0.19678761]
-0.09419577020406723
[-0.9629794  -0.14826521 -0.75923926  0.35422364]
0.05574263270695886
[-0.18831754  0.8825579  -0.72779334  0.86319906]
0.05852026019493857
[-0.64687324 -0.10783873 -0.62209296 -0.19915658]
0.22790251738826195
[-0.8441058   0.29499632 -0.24788764  0.63599825]
0.14264741243670503
[ 0.03863662 -0.20289263  0.7165078   0.33605242]
-0.27130853063613175
[ 0.84024924 -0.1283702  -0.35723507 -0.6754126 ]
-0.2528926469783
[-0.05150849  0.34006467  0.60573685  0.9881883 ]
-0.21096595492959022
[ 0.82142645  0.2736538   0.18480809 -0.6419602 ]
-0.12879600193103036
[ 0.68958384  0.92745984 -0.18808833 -0.1671875 ]
-0.09613065254688263
[ 0.08946462 -0.7937503  -0.49525085 -0.7780957 ]
-0.1446162355144807
[-0.6208397  -0.05624376 -0.47214067  0.7344811 ]
-0.2268054449309929
[ 0.09437007  0.5543367   0.8049388  -0.19222455]
-0.14635133217771726
[ 0.94403183  0.2303032  -0.7548678  -0.60182995]
-0.1552031718492508
[ 0.05863439 -0.43301886  0.12607206  0.27865934]
-0.10190281731386862
[ 0.03350658 -0.54339856  0.27315274 -0.47328275]
-0.09043915790816386
[-0.8785683   0.15018882  0.7882159  -0.0335487 ]
-0.13071392611662308
[-0.17907801  0.5232243  -0.52690595  0.2517418 ]
-0.18094815107186873
[ 0.10434336  0.8224955   0.73323387 -0.6945947 ]
-0.13678427907824517
[ 0.73344463 -0.15338312  0.70428205  0.41318348]
-0.08892794440189761
[-0.6045239  -0.73830026 -0.38836095 -0.72684884]
-0.17695154122511667
[-0.68398935 -0.44823197  0.25420734 -0.8722274 ]
-0.20648288508256157
[ 0.39621067 -0.9858758   0.6958596  -0.4957764 ]
-0.2195625092983246
[-0.2785401  -0.53677887 -0.33491462  0.10170269]
-0.2616834036906584
[ 0.81205505  0.14120182 -0.8468016   0.1025682 ]
-0.2834106461902448
[-0.31831208  0.4638372   0.5971198  -0.78316015]
-0.2654970103502273
[-0.07526331 -0.57529277 -0.8687703  -0.39152616]
-0.3306728504796811
[-0.14209394 -0.19255859  0.95505154  0.6566457 ]
-0.2667795277237892
[ 0.20531036  0.0733839   0.9450411  -0.80034053]
-0.1951636698842049
[-0.05309226 -0.854526    0.6591044  -0.776655  ]
-0.31858485308289525
[ 0.11966487 -0.26749247  0.10199168  0.16813485]
-0.4114942760070188
[0.4434259  0.05044319 0.7401267  0.27787662]
-0.42912985615432264
[ 0.6989503  -0.6811276  -0.94043803  0.24726343]
-0.5004384691715241
[-0.03902469 -0.13809973  0.8366916  -0.1700128 ]
-100
