[-0.43238014  0.18946289  0.5056401   0.8247297 ]
-0.06181051965554437
[-0.9631774   0.4108492   0.6788742   0.42710677]
-0.12008248411118984
[-0.9056353   0.97148377  0.7296368  -0.72230077]
-0.13021324002246182
[ 0.93838024 -0.9467419  -0.17682837  0.25075588]
-0.04395133702953538
[-0.9093956   0.26239136  0.3580985   0.4781939 ]
-0.033689056012779474
[-0.6365037  -0.20657124 -0.5742185   0.5698294 ]
-0.10944302911187331
[-0.32101712  0.5866706  -0.40923667  0.40916693]
-0.12461561987300594
[ 0.37489173 -0.35483328 -0.05726693 -0.29111227]
-0.08251380559802055
[-0.63659114 -0.7030439  -0.79086876 -0.21740505]
-0.2229636808037758
[0.9709161  0.11876136 0.86679727 0.04619569]
-0.07328594558437902
[-0.6939881   0.55685    -0.6907043   0.24670713]
-0.10417986847956856
[-0.27963793  0.9734892  -0.02836798 -0.974399  ]
-0.11022099720190087
[-0.6989758   0.20370194  0.88135666 -0.13216986]
-0.06035981299479685
[ 0.8814256  -0.1878382   0.64116573 -0.855658  ]
0.03662231077750405
[-0.3257738   0.14580396 -0.4321648  -0.32746953]
0.01730460427204886
[-0.18719476 -0.5270899  -0.9204903  -0.6850727 ]
-0.10014653154214104
[-0.08469786 -0.3381948  -0.37679765  0.5342326 ]
-0.06083601481715956
[ 0.334196   -0.7785437  -0.69779015  0.94672406]
-0.08460565135876455
[-0.33534724 -0.93332875 -0.8907721  -0.22798386]
-0.12000442948937418
[ 0.96582097  0.16127428  0.31064612 -0.4033831 ]
-0.012432056655485241
[ 0.8821638  -0.9007079   0.6904205   0.42854792]
0.02952898559967795
[ 0.31856087  0.5582139  -0.705072    0.47750005]
0.026277699397254786
[0.50939435 0.57629126 0.6673834  0.46539694]
-0.21870936047658324
[ 0.3043708   0.05372301 -0.7386819   0.47202986]
-0.22224375288188458
[ 0.6154835  -0.45068136 -0.761972   -0.2668066 ]
-0.13810833221673965
[0.8220209  0.7159872  0.22754544 0.9112926 ]
-0.2417320173780135
[-0.42393497  0.18900795 -0.7248577   0.40387866]
-0.1440673536459581
[ 0.6149446  -0.11009516  0.171143   -0.1978058 ]
-0.17824577317635334
[-0.572568    0.71913266 -0.8681603  -0.3553171 ]
-0.029764634013175965
[ 0.8370938  -0.44056574  0.78340214  0.912729  ]
-0.19717000909646232
[ 0.19677089 -0.5858235   0.18624727 -0.9771428 ]
-0.2250975951751097
[-0.2584036  -0.5263205  -0.537482   -0.14272189]
-0.13265106133619708
[-0.1239681  -0.34407666 -0.8637612   0.06127419]
-0.09296227586269377
[0.3679488  0.2002115  0.4613694  0.54694736]
-0.17708412337303164
[ 0.01078586  0.55013585 -0.04620066  0.28912613]
-0.11501020366325976
[-0.4581252   0.8656493  -0.24280971  0.8599162 ]
-0.10460760009288787
[ 0.1475176   0.18227184 -0.7265682  -0.48124456]
-0.04891202884912491
[ 0.74297786 -0.53485346  0.04026385  0.8407311 ]
-0.14261097554862498
[-0.01367766 -0.02495442  0.7197051   0.9435605 ]
-0.19788292636598268
[ 0.1875559   0.897933    0.3107403  -0.68400335]
-0.1854609629114457
[-0.27029762  0.18378286  0.30631557 -0.9130065 ]
-0.1413371464212759
[ 0.33021823 -0.64868677  0.14952083  0.12778784]
-0.20309461180368826
[-0.95823437 -0.7088044  -0.95372576  0.01031887]
-0.04273252506057539
[-0.5310143  -0.05813602 -0.7054512  -0.5645287 ]
0.08636133913199226
[-0.72042996 -0.08596353 -0.18212041 -0.08079927]
0.0980618349214383
[-0.62251765  0.44716924 -0.8979658  -0.5948071 ]
0.09637514662742613
[ 0.93300575 -0.8488881  -0.12681957  0.9947494 ]
-0.045613427023094094
[-0.04412502 -0.2225887  -0.544845    0.4752113 ]
-0.10893595493336401
[-0.92604774 -0.5963607  -0.30145073 -0.7367138 ]
-0.019927680969238283
[ 0.84782976  0.25098372 -0.20500168 -0.1531472 ]
-0.06805870670080183
[-0.619636    0.41203183 -0.6097421  -0.29082292]
0.02036082760493079
[ 0.60282224 -0.12973192 -0.08051551 -0.6480691 ]
-0.03863975629210473
[ 0.9917132   0.09590552 -0.05598844 -0.2846462 ]
-0.13663664913674434
[-0.851641    0.42781502  0.7200752  -0.32549852]
-0.11962728071212769
[ 0.00431396 -0.54257834 -0.70082897  0.6534401 ]
-0.05610067455532414
[ 0.30497557 -0.37293705 -0.53844863  0.7179072 ]
-0.001217578212421331
[-0.9746088   0.8647038   0.36127558 -0.65853333]
-0.05430331377188483
[-0.4949701  -0.00294761 -0.8834892  -0.12344805]
-100
