[-0.3971388   0.36559275 -0.23800421 -0.81801784]
-0.1198995131601878
[-0.5900692   0.5937364  -0.76520574  0.17209135]
-0.1819318188677243
[-0.01939117 -0.11626711  0.5135709  -0.89362246]
-0.12124964850147447
[ 0.09411994  0.61233723  0.6994166  -0.5177174 ]
-0.07880024887124816
[-0.18511043 -0.42706522 -0.9572326   0.53564745]
-0.1701749679843597
[-0.04830927 -0.4548149  -0.54955924 -0.6684725 ]
-0.2024405742734671
[-0.24872103 -0.05929198  0.7987005  -0.2930729 ]
-0.15025215590496738
[ 0.98270655 -0.35565394 -0.26621902 -0.61613274]
-0.11807057253519812
[ 0.50422573 -0.1000273  -0.48800883  0.4676794 ]
-0.10062379373113077
[-0.24366826 -0.24719486  0.8483912  -0.33299533]
-0.05429455065727234
[ 0.42677    -0.29046842  0.876421   -0.2149742 ]
-0.017411912798881532
[-0.4119523  -0.4267335   0.26286057  0.56848115]
-0.02703936612606049
[-0.50368476  0.8783018  -0.44933727 -0.6325627 ]
-0.12235705844561377
[-0.3878525  0.766227  -0.8077335  0.7644401]
-0.19387980715433872
[-0.3049207  -0.30940187 -0.6525976   0.70465183]
-0.24438466366131983
[-0.21709839  0.92032003 -0.22138263  0.2565136 ]
-0.23922276101509848
[-0.45999086 -0.43585363  0.15704063  0.8656963 ]
-0.2775207702318804
[ 0.88695973 -0.59506077 -0.6074964   0.7570389 ]
-0.2939791799386366
[ 0.6822242  -0.14505555  0.3242541  -0.21594793]
-0.17330137151479721
[-0.42147806  0.27063435  0.39603287 -0.70422953]
-0.188885519862175
