[-0.9636226  -0.55701715  0.4203138   0.6237312 ]
-0.1410845056977123
[-0.35050142  0.3088215   0.0213662   0.6342123 ]
-0.10527903574456653
[ 0.5508495  -0.62975305  0.48089606  0.7392596 ]
-0.03849884670972824
[-0.08665211  0.77834886  0.725444   -0.71289134]
-0.016397080551832918
[-0.28899503  0.6062677  -0.135759   -0.39378724]
-0.031377871389657204
[-0.7764568  0.8035956  0.9605443  0.8510602]
-0.1220252596532592
[ 0.95361835  0.85599905  0.7249896  -0.5839171 ]
-0.14595076772446552
[-0.10803004  0.7308623  -0.40434474 -0.09000694]
-0.03737334221601486
[-0.23339868 -0.56466264  0.07475468 -0.633568  ]
-0.040227966171998586
[-0.12192348 -0.7944355  -0.7733386   0.4421013 ]
0.014794174321614312
[0.31485537 0.5761952  0.7479743  0.7837531 ]
-0.05948885946410161
[-0.3879647  -0.45381302 -0.45893764  0.11657111]
-0.0978532736711204
[-0.21895058 -0.0866815  -0.07198066  0.30287805]
-0.09971950833002845
[0.9667682  0.90722823 0.17198622 0.25586554]
-0.05687510650356492
[ 0.87071604 -0.6767737   0.46460617 -0.15544325]
0.0297575482328721
[ 0.8964375  -0.8959154  -0.23787875  0.10597683]
-0.02788195633143187
[ 0.5769389  -0.848636    0.43720156 -0.78369933]
-0.20950219578295948
[ 0.89504135  0.9403703  -0.25603613  0.50046086]
-0.2483413908084222
[ 0.94573194 -0.4432902  -0.7328137   0.02452033]
-0.12885167152931531
[ 0.8138226  -0.44815648  0.31187156 -0.3329435 ]
-0.14289636095364772
[-0.9449644   0.5970927   0.25865737 -0.055151  ]
-0.08550175245602808
[ 0.6606908  -0.04982134  0.30280417 -0.491094  ]
-0.13834346732497216
[ 0.40990576  0.8478664   0.4248984  -0.6188714 ]
-0.18213216088215628
[-0.8978733  -0.8363506   0.8409121   0.36444095]
-0.19882934927940368
[ 0.25319645 -0.6971877  -0.3973179  -0.9965219 ]
-0.1688457394838333
[ 0.3923884   0.28387895 -0.86890894 -0.19678761]
-0.09499246575434885
[-0.9629794  -0.14826521 -0.75923926  0.35422364]
0.05491259829203051
[-0.18831754  0.8825579  -0.72779334  0.86319906]
0.0571446023782118
[-0.64687324 -0.10783873 -0.62209296 -0.19915658]
0.22656678723295412
[-0.8441058   0.29499632 -0.24788764  0.63599825]
0.12993858458350221
[ 0.03863662 -0.20289263  0.7165078   0.33605242]
-0.27321499513338127
[ 0.84024924 -0.1283702  -0.35723507 -0.6754126 ]
-0.2547820471624545
[-0.05150849  0.34006467  0.60573685  0.9881883 ]
-0.2128777366578579
[ 0.82142645  0.2736538   0.18480809 -0.6419602 ]
-0.1306947674949952
[ 0.68958384  0.92745984 -0.18808833 -0.1671875 ]
-0.0981764900883027
[ 0.08946462 -0.7937503  -0.49525085 -0.7780957 ]
-0.14662003439664842
[-0.6208397  -0.05624376 -0.47214067  0.7344811 ]
-0.22886351880928116
[ 0.09437007  0.5543367   0.8049388  -0.19222455]
-0.14838703444600101
[ 0.94403183  0.2303032  -0.7548678  -0.60182995]
-0.15722718167304994
[ 0.05863439 -0.43301886  0.12607206  0.27865934]
-0.10388788543641568
[ 0.03350658 -0.54339856  0.27315274 -0.47328275]
-0.09237272761762143
[-0.8785683   0.15018882  0.7882159  -0.0335487 ]
-0.13286323483784873
[-0.17907801  0.5232243  -0.52690595  0.2517418 ]
-0.18318935028712074
[ 0.10434336  0.8224955   0.73323387 -0.6945947 ]
-0.1388148305118084
[ 0.73344463 -0.15338312  0.70428205  0.41318348]
-0.09055651217699051
[-0.6045239  -0.73830026 -0.38836095 -0.72684884]
-0.1785774516264574
[-0.68398935 -0.44823197  0.25420734 -0.8722274 ]
-0.2081281272570304
[ 0.39621067 -0.9858758   0.6958596  -0.4957764 ]
-0.22109875941276552
[-0.2785401  -0.53677887 -0.33491462  0.10170269]
-0.26338582162062446
[ 0.81205505  0.14120182 -0.8468016   0.1025682 ]
-0.2851502872208731
[-0.31831208  0.4638372   0.5971198  -0.78316015]
-0.26719964683055875
[-0.07526331 -0.57529277 -0.8687703  -0.39152616]
-0.33237613267699995
[-0.14209394 -0.19255859  0.95505154  0.6566457 ]
-0.26839905546109
[ 0.20531036  0.0733839   0.9450411  -0.80034053]
-0.19682447383800908
[-0.05309226 -0.854526    0.6591044  -0.776655  ]
-0.3198948638339861
[-0.5142793   0.47538775  0.36643457 -0.5965321 ]
-0.44171221399307253
[-0.97541    -0.17199397 -0.08467375  0.90453285]
-0.5325250756243841
[ 0.99846274  0.2269753  -0.9673377   0.4480709 ]
-0.5294943777918816
[-0.1640672  -0.99408585  0.86191446  0.58001727]
-100
