[0.41183904 0.5088692  0.41310596 0.12124243]
-0.06623357549992936
[-0.5900692   0.5937364  -0.76520574  0.17209135]
-0.035932761028409005
[-0.01939117 -0.11626711  0.5135709  -0.89362246]
-0.05090331836417318
[ 0.09411994  0.61233723  0.6994166  -0.5177174 ]
-0.059661775164306166
[-0.18511043 -0.42706522 -0.9572326   0.53564745]
-0.0567759412241467
[-0.04830927 -0.4548149  -0.54955924 -0.6684725 ]
-0.1390794911161065
[-0.24872103 -0.05929198  0.7987005  -0.2930729 ]
-0.08707780012984953
[ 0.98270655 -0.35565394 -0.26621902 -0.61613274]
-0.05463912454247476
[ 0.50422573 -0.1000273  -0.48800883  0.4676794 ]
-0.035584987282752986
[-0.24366826 -0.24719486  0.8483912  -0.33299533]
0.008887429545320687
[-0.1499705   0.36702716 -0.90235174  0.39905906]
-0.07675149420400343
[-0.4119523  -0.4267335   0.26286057  0.56848115]
-0.08393925705055515
[-0.50368476  0.8783018  -0.44933727 -0.6325627 ]
-0.17740299221873285
[-0.3878525  0.766227  -0.8077335  0.7644401]
-0.1637443780004978
[-0.3049207  -0.30940187 -0.6525976   0.70465183]
-0.2237787096301691
[-0.21709839  0.92032003 -0.22138263  0.2565136 ]
-0.21601259313027182
[ 0.62660867 -0.8715017  -0.8278609   0.96347046]
-0.2868667218287774
[-0.52088773  0.76551247  0.15301405  0.45323208]
-0.23907785604397574
[ 0.6822242  -0.14505555  0.3242541  -0.21594793]
-0.14464971679449082
[-0.42147806  0.27063435  0.39603287 -0.70422953]
-0.16057968135674677
