[ 0.06646974 -0.4983145   0.9364326   0.784456  ]
-0.2386906986044087
[-0.5900692   0.5937364  -0.76520574  0.17209135]
-0.0219957999587059
[-0.01939117 -0.11626711  0.5135709  -0.89362246]
-0.08211559809247772
[ 0.09411994  0.61233723  0.6994166  -0.5177174 ]
-0.16359809192021568
[-0.18511043 -0.42706522 -0.9572326   0.53564745]
-0.045925301055114665
[-0.04830927 -0.4548149  -0.54955924 -0.6684725 ]
0.022670011838275998
[-0.24872103 -0.05929198  0.7987005  -0.2930729 ]
-0.02852343762417516
[ 0.98270655 -0.35565394 -0.26621902 -0.61613274]
-0.1311810717433691
[ 0.50422573 -0.1000273  -0.48800883  0.4676794 ]
-0.10236197196443757
[-0.24366826 -0.24719486  0.8483912  -0.33299533]
-0.1854199473957233
[ 0.42677    -0.29046842  0.876421   -0.2149742 ]
-0.21374272586901863
[-0.4119523  -0.4267335   0.26286057  0.56848115]
-0.18027170217037203
[-0.50368476  0.8783018  -0.44933727 -0.6325627 ]
-0.09806641232967377
[-0.3878525  0.766227  -0.8077335  0.7644401]
-0.0029901828964574995
[-0.3049207  -0.30940187 -0.6525976   0.70465183]
0.09330443555116652
[-0.21709839  0.92032003 -0.22138263  0.2565136 ]
0.11269914257526398
[ 0.62660867 -0.8715017  -0.8278609   0.96347046]
0.08741865200797833
[-0.52088773  0.76551247  0.15301405  0.45323208]
0.1566816103706769
[ 0.6822242  -0.14505555  0.3242541  -0.21594793]
0.042889814079855565
[-0.42147806  0.27063435  0.39603287 -0.70422953]
-0.07741798948849825
