[ 0.06646974 -0.4983145   0.9364326   0.784456  ]
-0.23705651386765023
[-0.5900692   0.5937364  -0.76520574  0.17209135]
-0.020947834198675932
[-0.01939117 -0.11626711  0.5135709  -0.89362246]
-0.08106691521406174
[ 0.09411994  0.61233723  0.6994166  -0.5177174 ]
-0.16263381542762
[-0.18511043 -0.42706522 -0.9572326   0.53564745]
-0.04494659527142725
[-0.04830927 -0.4548149  -0.54955924 -0.6684725 ]
0.023617846141256508
[-0.24872103 -0.05929198  0.7987005  -0.2930729 ]
-0.02757945651312551
[ 0.98270655 -0.35565394 -0.26621902 -0.61613274]
-0.13023755629360675
[ 0.50422573 -0.1000273  -0.48800883  0.4676794 ]
-0.1013899332086257
[-0.24366826 -0.24719486  0.8483912  -0.33299533]
-0.18448700680335248
[ 0.42677    -0.29046842  0.876421   -0.2149742 ]
-0.21296641759077825
[-0.4119523  -0.4267335   0.26286057  0.56848115]
-0.17945880905786915
[-0.50368476  0.8783018  -0.44933727 -0.6325627 ]
-0.09720171781381208
[-0.3878525  0.766227  -0.8077335  0.7644401]
-0.0021212589343376984
[-0.3049207  -0.30940187 -0.6525976   0.70465183]
0.09428969784577568
[-0.21709839  0.92032003 -0.22138263  0.2565136 ]
0.11371722467740614
[ 0.19830924 -0.20461586  0.373426   -0.0044139 ]
0.06329955090209842
[ 0.44475123  0.7437285   0.3373085  -0.02203797]
-0.03297094948838273
[ 0.6822242  -0.14505555  0.3242541  -0.21594793]
-0.08239894740780075
[-0.42147806  0.27063435  0.39603287 -0.70422953]
-0.07845514760414878
