[ 0.30691212  0.77755195 -0.5333264   0.07127142]
-0.08727297994184116
[-0.07329624  0.79520017  0.5922545   0.24901623]
-0.05077563609182834
[ 0.08249885 -0.8551883   0.1170337  -0.1981776 ]
-0.01494112620750826
[0.6539637  0.35620943 0.6638016  0.08789083]
0.035583648574847776
[0.18663694 0.03952451 0.20751059 0.9212307 ]
0.053732605271663465
[ 0.48164934  0.9032019  -0.42524898 -0.5461324 ]
-0.06691340221961575
[ 0.23765527  0.66220653  0.74767244 -0.41075984]
-0.029418290992576687
[-0.40755302  0.16793717  0.67672515  0.9224713 ]
-0.01079082198937615
[-0.8897313   0.07828112  0.10676729 -0.41423813]
-0.06997355688611785
[-0.4006686  -0.39066827 -0.48107448  0.22702152]
-0.011265096932649616
[-0.49651796  0.7751013  -0.87997353 -0.9541766 ]
0.06918276732663077
[-0.5101381   0.6856093  -0.36799145 -0.7006534 ]
0.08337559455633164
[-0.6121128  -0.92339915  0.6056755  -0.3460954 ]
0.02898009955883027
[-0.99152815  0.12402169 -0.22534513  0.47938776]
0.12713446691383798
[ 0.45177814 -0.62591934 -0.8467401  -0.6905914 ]
0.09336447425683579
[-0.9198428  -0.06635681  0.16446348  0.9420293 ]
0.19433929081757742
[-0.22168885  0.6584715  -0.28827763 -0.46339178]
0.15489156587918482
[-0.05900801  0.75001353  0.40419868  0.10902242]
0.09841483149056869
[-0.08181626  0.85208124 -0.5489884  -0.14656062]
-0.05693734496831894
[ 0.50107795 -0.30338827  0.1046184   0.03223627]
-0.10174061825871468
[-0.09676587  0.8744075   0.38620967  0.7296316 ]
-0.13599873621264857
[-0.41907156  0.496563   -0.36391702 -0.27030113]
-0.1437606053352356
[-0.3137451   0.4220784   0.2008773   0.39799464]
-0.11916316141685088
[ 0.6810036  -0.43432024  0.26947808  0.52774584]
-0.005646482626598268
[-0.6006839  -0.50246453 -0.04250523  0.56843424]
0.057258444547653206
[ 0.6429713  -0.11792329  0.26130033 -0.26305237]
0.07686742814382155
[-0.89943504  0.9293389   0.2246514  -0.39060733]
0.0822295231819153
[-0.26049522 -0.73559767 -0.20398074  0.4672632 ]
-0.07868792474269867
[-0.0526042   0.339055    0.18817729 -0.19283056]
-0.07452842540045461
[-0.6327843   0.06859945 -0.9542976   0.16144782]
-0.023165622850261518
[ 0.08722392 -0.80262995  0.43874997  0.5033539 ]
-0.09522360845406733
[ 0.16857365  0.7501234   0.37463886 -0.08835386]
-0.1229676051835231
[-0.12995014 -0.90680766 -0.5682548  -0.31049392]
-0.04830602463086328
[-0.00450808 -0.65800506  0.551155    0.67504734]
-0.10101753009421369
[ 0.6336144  -0.06237372  0.5644335  -0.69585955]
-0.07021113225321093
[-0.18232934 -0.7972345   0.80777436  0.5367758 ]
-0.04978093844652176
[-0.23488191  0.84251297 -0.22046782  0.11568468]
-0.15169236517946044
[ 0.693683   -0.89506245  0.0903261   0.19776525]
-0.13746840014060574
[ 0.905943    0.9989586   0.869456   -0.78625506]
-0.06276450610160828
[-0.8623606   0.18463233 -0.91537964  0.7412537 ]
-0.16767066729068758
[ 0.9285119  0.163278   0.8497577 -0.3971319]
-0.08185391789674759
[-0.9461727  -0.34107828  0.45974383 -0.8727978 ]
-0.12782538783550262
[ 0.30942768 -0.9423418  -0.50077075 -0.42114905]
-0.12685978766282635
[-0.61888725  0.74431586  0.24257426 -0.9818265 ]
-0.10734810938438018
[ 0.06668928  0.03740388 -0.95818985  0.41869766]
0.03816971154510975
[-0.4201326   0.7715031   0.37369716  0.09364289]
0.10195001884301387
[ 0.54444695 -0.21434084 -0.4841646   0.4112856 ]
0.14884458637237546
