[-0.43238014  0.18946289  0.5056401   0.8247297 ]
-0.06250617997783045
[-0.9631774   0.4108492   0.6788742   0.42710677]
-0.12073823330302914
[-0.9056353   0.97148377  0.7296368  -0.72230077]
-0.13128086103498937
[ 0.93838024 -0.9467419  -0.17682837  0.25075588]
-0.04501656236996135
[-0.9093956   0.26239136  0.3580985   0.4781939 ]
-0.034758017508935125
[-0.6365037  -0.20657124 -0.5742185   0.5698294 ]
-0.11056642734383426
[-0.32101712  0.5866706  -0.40923667  0.40916693]
-0.12573934189478675
[ 0.37489173 -0.35483328 -0.05726693 -0.29111227]
-0.0836325462857894
[-0.63659114 -0.7030439  -0.79086876 -0.21740505]
-0.2240472733775751
[0.9709161  0.11876136 0.86679727 0.04619569]
-0.07436054282387335
[-0.6939881   0.55685    -0.6907043   0.24670713]
-0.10529454239209374
[-0.27963793  0.9734892  -0.02836798 -0.974399  ]
-0.11131646103411913
[-0.6989758   0.20370194  0.88135666 -0.13216986]
-0.061453416665393924
[ 0.8814256  -0.1878382   0.64116573 -0.855658  ]
0.035567000607647115
[-0.3257738   0.14580396 -0.4321648  -0.32746953]
0.016262156287830263
[-0.18719476 -0.5270899  -0.9204903  -0.6850727 ]
-0.10118129176894941
[-0.08469786 -0.3381948  -0.37679765  0.5342326 ]
-0.06189846761027735
[ 0.334196   -0.7785437  -0.69779015  0.94672406]
-0.08566121236483373
[-0.33534724 -0.93332875 -0.8907721  -0.22798386]
-0.12102714709440987
[ 0.96582097  0.16127428  0.31064612 -0.4033831 ]
-0.013479186087846757
[ 0.8821638  -0.9007079   0.6904205   0.42854792]
0.02842994300524512
[ 0.31856087  0.5582139  -0.705072    0.47750005]
0.025166562803089612
[0.50939435 0.57629126 0.6673834  0.46539694]
-0.19794081195940455
[ 0.3043708   0.05372301 -0.7386819   0.47202986]
-0.22230676865081112
[ 0.6154835  -0.45068136 -0.761972   -0.2668066 ]
-0.13817022915681085
[0.8220209  0.7159872  0.22754544 0.9112926 ]
-0.24181822556257246
[-0.42393497  0.18900795 -0.7248577   0.40387866]
-0.14435626232624052
[ 0.6149446  -0.11009516  0.171143   -0.1978058 ]
-0.17865210052331523
[-0.572568    0.71913266 -0.8681603  -0.3553171 ]
-0.030329820156097413
[ 0.8370938  -0.44056574  0.78340214  0.912729  ]
-0.19761963176727293
[ 0.19677089 -0.5858235   0.18624727 -0.9771428 ]
-0.22555864703655243
[-0.2584036  -0.5263205  -0.537482   -0.14272189]
-0.13306681863466663
[-0.1239681  -0.34407666 -0.8637612   0.06127419]
-0.09330583703517913
[0.3679488  0.2002115  0.4613694  0.54694736]
-0.1797652694384269
[ 0.01078586  0.55013585 -0.04620066  0.28912613]
-0.11812694047267358
[-0.4581252   0.8656493  -0.24280971  0.8599162 ]
-0.10697834503650665
[ 0.1475176   0.18227184 -0.7265682  -0.48124456]
-0.05112776197989664
[ 0.74297786 -0.53485346  0.04026385  0.8407311 ]
-0.1454901381780692
[-0.01367766 -0.02495442  0.7197051   0.9435605 ]
-0.2009410122049375
[ 0.1875559   0.897933    0.3107403  -0.68400335]
-0.1887441456913948
[-0.27029762  0.18378286  0.30631557 -0.9130065 ]
-0.14459801719585816
[ 0.33021823 -0.64868677  0.14952083  0.12778784]
-0.20624570075671
[-0.95823437 -0.7088044  -0.95372576  0.01031887]
-0.044010110884904856
[-0.5310143  -0.05813602 -0.7054512  -0.5645287 ]
0.08673265620072565
[-0.72042996 -0.08596353 -0.18212041 -0.08079927]
0.12421768421928209
[-0.62251765  0.44716924 -0.8979658  -0.5948071 ]
0.12022888573010643
[ 0.93300575 -0.8488881  -0.12681957  0.9947494 ]
-0.021831610858440403
[-0.04412502 -0.2225887  -0.544845    0.4752113 ]
-0.0975666272292511
[-0.92604774 -0.5963607  -0.30145073 -0.7367138 ]
-0.012311995506286621
[ 0.84782976  0.25098372 -0.20500168 -0.1531472 ]
-0.056993521630764
[-0.619636    0.41203183 -0.6097421  -0.29082292]
0.030809064865112305
[ 0.60282224 -0.12973192 -0.08051551 -0.6480691 ]
-0.02831551656126976
[ 0.9917132   0.09590552 -0.05598844 -0.2846462 ]
-0.12752266184985636
[-0.851641    0.42781502  0.7200752  -0.32549852]
-0.1107059555053711
[ 0.00431396 -0.54257834 -0.70082897  0.6534401 ]
-0.04568376947008074
[ 0.30497557 -0.37293705 -0.53844863  0.7179072 ]
-0.10625035997232038
[ 0.06149168 -0.8662611  -0.49322596 -0.4032939 ]
-0.08736533316969872
[-0.9993285  -0.3826632   0.5237569   0.31146377]
-100
