[-0.43238014  0.18946289  0.5056401   0.8247297 ]
-0.06247158180984121
[-0.9631774   0.4108492   0.6788742   0.42710677]
-0.10165011713902274
[-0.9056353   0.97148377  0.7296368  -0.72230077]
-0.0998392525911331
[ 0.93838024 -0.9467419  -0.17682837  0.25075588]
-0.020792015631992424
[-0.9093956   0.26239136  0.3580985   0.4781939 ]
-0.01447703704269219
[-0.6365037  -0.20657124 -0.5742185   0.5698294 ]
-0.07514645065584413
[-0.32101712  0.5866706  -0.40923667  0.40916693]
-0.10507800552497425
[ 0.37489173 -0.35483328 -0.05726693 -0.29111227]
-0.06350530571738641
[-0.63659114 -0.7030439  -0.79086876 -0.21740505]
-0.2095532150119543
[0.9709161  0.11876136 0.86679727 0.04619569]
-0.058983621080718814
[-0.6939881   0.55685    -0.6907043   0.24670713]
-0.1001848783393689
[-0.27963793  0.9734892  -0.02836798 -0.974399  ]
-0.10544573383281747
[-0.6989758   0.20370194  0.88135666 -0.13216986]
-0.054811243931450065
[ 0.8814256  -0.1878382   0.64116573 -0.855658  ]
0.03229076301058015
[-0.3257738   0.14580396 -0.4321648  -0.32746953]
0.01292523247003555
[-0.18719476 -0.5270899  -0.9204903  -0.6850727 ]
-0.10458948163191595
[-0.08469786 -0.3381948  -0.37679765  0.5342326 ]
-0.0698356021642685
[ 0.334196   -0.7785437  -0.69779015  0.94672406]
-0.08861077180504798
[-0.33534724 -0.93332875 -0.8907721  -0.22798386]
-0.11868733696142596
[ 0.96582097  0.16127428  0.31064612 -0.4033831 ]
-0.010502427061401193
[ 0.8821638  -0.9007079   0.6904205   0.42854792]
0.030859927515190035
[ 0.31856087  0.5582139  -0.705072    0.47750005]
0.027633051122229482
[0.50939435 0.57629126 0.6673834  0.46539694]
-0.03148985977967817
[ 0.3043708   0.05372301 -0.7386819   0.47202986]
-0.19554112099607668
[ 0.6154835  -0.45068136 -0.761972   -0.2668066 ]
-0.10995736023783684
[0.8220209  0.7159872  0.22754544 0.9112926 ]
-0.212673460374277
[-0.42393497  0.18900795 -0.7248577   0.40387866]
-0.12524947686989985
[ 0.6149446  -0.11009516  0.171143   -0.1978058 ]
-0.11296193824211875
[-0.572568    0.71913266 -0.8681603  -0.3553171 ]
0.04789302831888199
[ 0.8370938  -0.44056574  0.78340214  0.912729  ]
-0.10975188253323001
[ 0.19677089 -0.5858235   0.18624727 -0.9771428 ]
-0.14260128490130225
[-0.2584036  -0.5263205  -0.537482   -0.14272189]
-0.04828999988238135
[-0.1239681  -0.34407666 -0.8637612   0.06127419]
-0.01418030850092333
[0.3679488  0.2002115  0.4613694  0.54694736]
-0.08752196061611175
[ 0.01078586  0.55013585 -0.04620066  0.28912613]
-0.1603796598749868
[-0.4581252   0.8656493  -0.24280971  0.8599162 ]
-0.07934511017799377
[ 0.1475176   0.18227184 -0.7265682  -0.48124456]
-0.015368784844875338
[ 0.74297786 -0.53485346  0.04026385  0.8407311 ]
-0.10746572260558604
[-0.01367766 -0.02495442  0.7197051   0.9435605 ]
-0.16467955301329493
[ 0.1875559   0.897933    0.3107403  -0.68400335]
-0.17209276364247122
[-0.27029762  0.18378286  0.30631557 -0.9130065 ]
-0.09977899001041812
[ 0.33021823 -0.64868677  0.14952083  0.12778784]
-0.15304777050018314
[-0.95823437 -0.7088044  -0.95372576  0.01031887]
0.02740426044662675
[-0.5310143  -0.05813602 -0.7054512  -0.5645287 ]
0.1656371061404534
[-0.72042996 -0.08596353 -0.18212041 -0.08079927]
0.20872198060154917
[-0.62251765  0.44716924 -0.8979658  -0.5948071 ]
0.1959891906579359
[ 0.93300575 -0.8488881  -0.12681957  0.9947494 ]
0.07449087593952579
[-0.04412502 -0.2225887  -0.544845    0.4752113 ]
-0.04796290672321996
[-0.92604774 -0.5963607  -0.30145073 -0.7367138 ]
0.02863233240445337
[ 0.84782976  0.25098372 -0.20500168 -0.1531472 ]
-0.008903341869510825
[-0.619636    0.41203183 -0.6097421  -0.29082292]
0.079635898431141
[ 0.60282224 -0.12973192 -0.08051551 -0.6480691 ]
0.019995697091024313
[ 0.9917132   0.09590552 -0.05598844 -0.2846462 ]
-0.0814706927190236
[-0.851641    0.42781502  0.7200752  -0.32549852]
-0.036420835733413696
[ 0.00431396 -0.54257834 -0.70082897  0.6534401 ]
0.07475166709658881
[ 0.30497557 -0.37293705 -0.53844863  0.7179072 ]
-0.030223075906433285
[-0.9746088   0.8647038   0.36127558 -0.65853333]
-0.027937576651573183
[-0.4949701  -0.00294761 -0.8834892  -0.12344805]
0.06866947311287006
[-0.5710224   0.1642083   0.30256706 -0.30562276]
0.046572250048320676
[-0.15744412  0.1707323  -0.16060115 -0.41007766]
0.0671021295785904
[-0.0910508   0.8316656   0.32691088 -0.01534389]
0.027749452833086254
[-0.75483036  0.7828307   0.91195124 -0.5566732 ]
-0.04716217652956764
[0.5654121  0.8913116  0.86020374 0.9501448 ]
-0.10701321895917139
[ 0.36494973  0.12195367 -0.70938    -0.6654332 ]
-0.07016818556189537
[ 0.2085632  -0.4376097  -0.79628056  0.23290914]
-0.0046325981815679715
[-0.6174978  0.9622427 -0.6606548  0.9933011]
0.061349997282028196
[-0.18766774 -0.23493269  0.34538126 -0.14010724]
-100
