[-0.11530006 -0.0794281  -0.27887484 -0.7284821 ]
-0.09003917115274816
[-0.5900692   0.5937364  -0.76520574  0.17209135]
-0.16283439611364156
[-0.01939117 -0.11626711  0.5135709  -0.89362246]
-0.10932621925572673
[ 0.09411994  0.61233723  0.6994166  -0.5177174 ]
-0.057922024548053744
[-0.18511043 -0.42706522 -0.9572326   0.53564745]
-0.15332918414473534
[-0.04830927 -0.4548149  -0.54955924 -0.6684725 ]
-0.1876196670085192
[-0.24872103 -0.05929198  0.7987005  -0.2930729 ]
-0.13546328986187656
[ 0.98270655 -0.35565394 -0.26621902 -0.61613274]
-0.10274125379323959
