[-0.9636226  -0.55701715  0.4203138   0.6237312 ]
-0.13952026437285164
[-0.35050142  0.3088215   0.0213662   0.6342123 ]
-0.10380937208980322
[ 0.5508495  -0.62975305  0.48089606  0.7392596 ]
-0.03703332185248297
[-0.08665211  0.77834886  0.725444   -0.71289134]
-0.01472547542924801
[-0.28899503  0.6062677  -0.135759   -0.39378724]
-0.02969475085148588
[-0.7764568  0.8035956  0.9605443  0.8510602]
-0.12200277015333996
[ 0.95361835  0.85599905  0.7249896  -0.5839171 ]
-0.14473727846890688
[-0.10803004  0.7308623  -0.40434474 -0.09000694]
-0.03616504741211614
[-0.23339868 -0.56466264  0.07475468 -0.633568  ]
-0.03902906003097811
[-0.12192348 -0.7944355  -0.7733386   0.4421013 ]
0.01980133491630473
[0.31485537 0.5761952  0.7479743  0.7837531 ]
-0.05774045476565877
[-0.3879647  -0.45381302 -0.45893764  0.11657111]
-0.09610791866605362
[-0.21895058 -0.0866815  -0.07198066  0.30287805]
-0.09797600417336065
[0.9667682  0.90722823 0.17198622 0.25586554]
-0.05511039675275248
[ 0.87071604 -0.6767737   0.46460617 -0.15544325]
0.031571318815149484
[ 0.8964375  -0.8959154  -0.23787875  0.10597683]
-0.03336710527663311
[ 0.5769389  -0.848636    0.43720156 -0.78369933]
-0.20841476817801596
[ 0.89504135  0.9403703  -0.25603613  0.50046086]
-0.24721606629093373
[ 0.94573194 -0.4432902  -0.7328137   0.02452033]
-0.12777263995260002
[ 0.8138226  -0.44815648  0.31187156 -0.3329435 ]
-0.14181585043668749
[-0.9449644   0.5970927   0.25865737 -0.055151  ]
-0.08415235296885291
[ 0.6606908  -0.04982134  0.30280417 -0.491094  ]
-0.1371414601902179
[ 0.40990576  0.8478664   0.4248984  -0.6188714 ]
-0.1809216079314538
[-0.8978733  -0.8363506   0.8409121   0.36444095]
-0.1976494206984826
[ 0.25319645 -0.6971877  -0.3973179  -0.9965219 ]
-0.16767891895771025
[ 0.3923884   0.28387895 -0.86890894 -0.19678761]
-0.09378636080026627
[-0.9629794  -0.14826521 -0.75923926  0.35422364]
0.05617181098461151
[-0.18831754  0.8825579  -0.72779334  0.86319906]
0.059340052545070646
[-0.64687324 -0.10783873 -0.62209296 -0.19915658]
0.22833590896924216
[-0.8441058   0.29499632 -0.24788764  0.63599825]
0.1489796422595791
[ 0.03863662 -0.20289263  0.7165078   0.33605242]
-0.2704114645893387
[ 0.84024924 -0.1283702  -0.35723507 -0.6754126 ]
-0.252014614681404
[-0.05150849  0.34006467  0.60573685  0.9881883 ]
-0.21006970223784446
[ 0.82142645  0.2736538   0.18480809 -0.6419602 ]
-0.12791250214973848
[ 0.68958384  0.92745984 -0.18808833 -0.1671875 ]
-0.09517680686712265
[ 0.08946462 -0.7937503  -0.49525085 -0.7780957 ]
-0.1436832489768676
[-0.6208397  -0.05624376 -0.47214067  0.7344811 ]
-0.2258399788290262
[ 0.09437007  0.5543367   0.8049388  -0.19222455]
-0.14540068279703336
[ 0.94403183  0.2303032  -0.7548678  -0.60182995]
-0.15426002271970352
[ 0.05863439 -0.43301886  0.12607206  0.27865934]
-0.10097356600065908
[ 0.03350658 -0.54339856  0.27315274 -0.47328275]
-0.08953475179771701
[-0.8785683   0.15018882  0.7882159  -0.0335487 ]
-0.12970688080787657
[-0.17907801  0.5232243  -0.52690595  0.2517418 ]
-0.17991065772374354
[ 0.10434336  0.8224955   0.73323387 -0.6945947 ]
-0.13577370219429216
[ 0.73344463 -0.15338312  0.70428205  0.41318348]
-0.0880195845166854
[-0.6045239  -0.73830026 -0.38836095 -0.72684884]
-0.176046340386074
[-0.68398935 -0.44823197  0.25420734 -0.8722274 ]
-0.20557189265886705
[ 0.39621067 -0.9858758   0.6958596  -0.4957764 ]
-0.2186931556860618
[-0.2785401  -0.53677887 -0.33491462  0.10170269]
-0.2607509585618973
[ 0.81205505  0.14120182 -0.8468016   0.1025682 ]
-0.28247666127483173
[-0.31831208  0.4638372   0.5971198  -0.78316015]
-0.26457251250743863
[-0.07526331 -0.57529277 -0.8687703  -0.39152616]
-0.32974066363771637
[-0.14209394 -0.19255859  0.95505154  0.6566457 ]
-0.26580276654164114
[ 0.20531036  0.0733839   0.9450411  -0.80034053]
-0.19438791543245318
[-0.05309226 -0.854526    0.6591044  -0.776655  ]
-0.31766686208049216
[-0.25995025 -0.7965205   0.91410786 -0.03293952]
-0.4528263072967529
[ 0.85727894  0.9881609  -0.9178859   0.04994083]
-0.4768039706250055
[-0.46563426 -0.8934424  -0.2675489   0.06242627]
-0.48045125222206114
[ 0.1491979  0.3236176 -0.8203827 -0.2828017]
-100
