[ 0.30691212  0.77755195 -0.5333264   0.07127142]
-0.08727297994184116
[-0.07329624  0.79520017  0.5922545   0.24901623]
-0.05077563609182834
[ 0.08249885 -0.8551883   0.1170337  -0.1981776 ]
-0.01494112620750826
[0.6539637  0.35620943 0.6638016  0.08789083]
0.035583648574847776
[0.18663694 0.03952451 0.20751059 0.9212307 ]
0.053732605271663465
[ 0.48164934  0.9032019  -0.42524898 -0.5461324 ]
-0.06691340221961575
[ 0.23765527  0.66220653  0.74767244 -0.41075984]
-0.029418290992576687
[-0.40755302  0.16793717  0.67672515  0.9224713 ]
-0.01079082198937615
[-0.8897313   0.07828112  0.10676729 -0.41423813]
-0.06997355688611785
[-0.4006686  -0.39066827 -0.48107448  0.22702152]
-0.011265096932649616
[-0.49651796  0.7751013  -0.87997353 -0.9541766 ]
0.06918276732663077
[-0.5101381   0.6856093  -0.36799145 -0.7006534 ]
0.08337559455633164
[-0.6121128  -0.92339915  0.6056755  -0.3460954 ]
0.02898009955883027
[-0.99152815  0.12402169 -0.22534513  0.47938776]
0.12713446691383798
[ 0.45177814 -0.62591934 -0.8467401  -0.6905914 ]
0.09336447425683579
[-0.9198428  -0.06635681  0.16446348  0.9420293 ]
0.19433929081757742
[-0.22168885  0.6584715  -0.28827763 -0.46339178]
0.15489156587918482
[-0.05900801  0.75001353  0.40419868  0.10902242]
0.09841483149056869
[-0.08181626  0.85208124 -0.5489884  -0.14656062]
-0.05693734496831894
[ 0.50107795 -0.30338827  0.1046184   0.03223627]
-0.10174061825871468
[-0.8006668   0.62600774 -0.17453535  0.50229317]
-0.12356730741262435
[-0.2242152   0.5211628   0.04866411 -0.8368232 ]
-0.12442178368568421
[ 0.34298322 -0.8243841  -0.36438897  0.27548873]
-0.11831504821777344
[ 0.6810036  -0.43432024  0.26947808  0.52774584]
-0.005646482626598268
[-0.6006839  -0.50246453 -0.04250523  0.56843424]
0.057258444547653206
[ 0.6429713  -0.11792329  0.26130033 -0.26305237]
0.07686742814382155
[-0.89943504  0.9293389   0.2246514  -0.39060733]
0.0822295231819153
[-0.26049522 -0.73559767 -0.20398074  0.4672632 ]
-0.07868792474269867
[ 0.96230906 -0.15093306 -0.0808584  -0.43726155]
-0.024419267286855787
[ 0.9281608  -0.9920026   0.21312188 -0.9759555 ]
-0.011516509751480022
[ 0.24657606  0.6258411   0.08144452 -0.93232524]
0.03556615988413611
[ 0.9231435   0.5056144  -0.87216985 -0.67741156]
0.009659671227134878
[ 0.07076744  0.12149855 -0.00525419 -0.30468684]
0.06943097900723655
[ 0.03091229  0.250985   -0.6141531  -0.13565287]
0.009767282356817331
[-0.07802659 -0.76690537 -0.41213185  0.5245293 ]
-0.023540088494617552
[ 0.9243574  -0.85236204 -0.26608863 -0.5650466 ]
-0.029458751002948674
[ 0.17550988 -0.8762543   0.33905807 -0.409126  ]
0.02406801909208298
[ 0.8455197   0.61012965 -0.1917157   0.44052848]
0.0655395743250847
[ 0.93313974  0.36655498 -0.10460626  0.6026793 ]
0.09508652950326721
[-0.24290094  0.9044962  -0.34257486 -0.24771403]
0.054661510686077296
[-0.25653967 -0.63364124  0.9153232   0.37803394]
0.09247943176826078
[-0.23599426 -0.74082154 -0.39909968 -0.11441848]
0.06349057457844179
[-0.53509307 -0.34535578  0.96045953  0.97403324]
0.057616480410099036
[-0.17334253 -0.02861013  0.99099976 -0.61230904]
0.09693440272907533
[ 0.06668928  0.03740388 -0.95818985  0.41869766]
0.03976135051747045
[-0.4201326   0.7715031   0.37369716  0.09364289]
0.10195001884301387
[ 0.54444695 -0.21434084 -0.4841646   0.4112856 ]
0.14884458637237546
[-0.1895232  -0.900656   -0.26906407 -0.5483772 ]
0.14539315098524094
[-0.8037993  -0.61998606 -0.35033423  0.8997532 ]
0.12010912410418312
[-0.47790843 -0.28468755  0.55884427 -0.09908643]
0.15569435434539994
[ 0.46148503 -0.74758    -0.5912675   0.9236721 ]
0.1426754002571106
[ 0.8753397  -0.02754068  0.04356563  0.47836152]
0.23763808630406852
[ 0.97753686 -0.22310631  0.2902169   0.46159655]
0.25917768388986584
[ 0.8996999  -0.25337338 -0.6010284  -0.1912188 ]
0.2362288990020752
[-0.98951244  0.8429998  -0.82837915  0.0752308 ]
0.10699739116119605
[ 0.3448772   0.41763356 -0.26931888  0.24440184]
0.21471720206737518
[ 0.5397927  -0.19797187  0.479165   -0.9805253 ]
0.21662533837556838
[ 0.14434138  0.6301089   0.9587307  -0.05007389]
0.24357208871841432
[0.9070253  0.20979388 0.03197828 0.5788353 ]
0.2927239758620671
[ 0.8196373   0.39006957  0.73190975 -0.50157213]
0.3372942792971917
[-0.98400396 -0.47255233  0.57969797  0.84351975]
0.2722046255667992
[ 0.6374555   0.55413073 -0.01664929 -0.39373392]
0.3543260223517826
[ 0.03571852  0.94829315 -0.52247113  0.30741724]
0.31100298560659206
[-0.9714882   0.31404606  0.3217233   0.9685841 ]
0.22411803468068328
[-0.56864977  0.39940685  0.92329687  0.98214996]
0.20723303969701012
[ 0.48696133 -0.32718867  0.45772085  0.14517301]
0.32575571966171263
[ 0.69634336 -0.71726894  0.6154461  -0.5596116 ]
0.3248062574068717
[-0.23028162  0.6309536  -0.76360774  0.8224371 ]
0.24188086577256407
[ 0.16752848  0.9459552   0.6391553  -0.8055156 ]
0.3072593241930008
[-0.67709315  0.8488979  -0.8196501  -0.4812387 ]
0.1830067719221115
[ 0.6084141  -0.49640134  0.5527142   0.02358856]
0.21777712016304215
[ 0.6330963  -0.29441613  0.79225194  0.0670057 ]
0.2539601171314716
[ 0.96976966 -0.9769202  -0.52670807 -0.56027293]
0.19640667172273235
[-0.24809153  0.5757447   0.9185638   0.69774324]
0.25424356637398166
[ 0.464038    0.22159795  0.2613145  -0.6487869 ]
0.32705498570203784
