[-0.9636226  -0.55701715  0.4203138   0.6237312 ]
-0.13917421493927756
[-0.35050142  0.3088215   0.0213662   0.6342123 ]
-0.10348880713433027
[ 0.5508495  -0.62975305  0.48089606  0.7392596 ]
-0.03671639898915967
[-0.08665211  0.77834886  0.725444   -0.71289134]
-0.014361599472660632
[-0.28899503  0.6062677  -0.135759   -0.39378724]
-0.02932692443796981
[-0.7764568  0.8035956  0.9605443  0.8510602]
-0.12193399083645276
[ 0.95361835  0.85599905  0.7249896  -0.5839171 ]
-0.1444652909884862
[-0.10803004  0.7308623  -0.40434474 -0.09000694]
-0.035897965518135636
[-0.23339868 -0.56466264  0.07475468 -0.633568  ]
-0.03876118309795856
[-0.12192348 -0.7944355  -0.7733386   0.4421013 ]
0.020812396786484916
[0.31485537 0.5761952  0.7479743  0.7837531 ]
-0.05735972955388209
[-0.3879647  -0.45381302 -0.45893764  0.11657111]
-0.0957277056040875
[-0.21895058 -0.0866815  -0.07198066  0.30287805]
-0.09759488772849005
[0.9667682  0.90722823 0.17198622 0.25586554]
-0.05473301366965094
[ 0.87071604 -0.6767737   0.46460617 -0.15544325]
0.03197118278344354
[ 0.8964375  -0.8959154  -0.23787875  0.10597683]
-0.03445618039121112
[ 0.5769389  -0.848636    0.43720156 -0.78369933]
-0.20817077951381724
[ 0.89504135  0.9403703  -0.25603613  0.50046086]
-0.246964962477483
[ 0.94573194 -0.4432902  -0.7328137   0.02452033]
-0.1275336675470098
[ 0.8138226  -0.44815648  0.31187156 -0.3329435 ]
-0.14156961619853975
[-0.9449644   0.5970927   0.25865737 -0.055151  ]
-0.08384871200720233
[ 0.6606908  -0.04982134  0.30280417 -0.491094  ]
-0.13687763513128082
[ 0.40990576  0.8478664   0.4248984  -0.6188714 ]
-0.180647041618824
[-0.8978733  -0.8363506   0.8409121   0.36444095]
-0.1973839763800315
[ 0.25319645 -0.6971877  -0.3973179  -0.9965219 ]
-0.1674210146268197
[ 0.3923884   0.28387895 -0.86890894 -0.19678761]
-0.0935155172944069
[-0.9629794  -0.14826521 -0.75923926  0.35422364]
0.056452687939006894
[-0.18831754  0.8825579  -0.72779334  0.86319906]
0.05965640668074408
[-0.64687324 -0.10783873 -0.62209296 -0.19915658]
0.2272904968957118
[-0.8441058   0.29499632 -0.24788764  0.63599825]
0.15534965273489437
[ 0.03863662 -0.20289263  0.7165078   0.33605242]
-0.26980744477858026
[ 0.84024924 -0.1283702  -0.35723507 -0.6754126 ]
-0.25141946230332174
[-0.05150849  0.34006467  0.60573685  0.9881883 ]
-0.20946414388219634
[ 0.82142645  0.2736538   0.18480809 -0.6419602 ]
-0.12731450364986818
[ 0.68958384  0.92745984 -0.18808833 -0.1671875 ]
-0.09456066371997435
[ 0.08946462 -0.7937503  -0.49525085 -0.7780957 ]
-0.14308646492163105
[-0.6208397  -0.05624376 -0.47214067  0.7344811 ]
-0.2252135215948037
[ 0.09437007  0.5543367   0.8049388  -0.19222455]
-0.14478937756021695
[ 0.94403183  0.2303032  -0.7548678  -0.60182995]
-0.15365393288930496
[ 0.05863439 -0.43301886  0.12607206  0.27865934]
-0.10038647515078268
[ 0.03350658 -0.54339856  0.27315274 -0.47328275]
-0.0889738522221633
[-0.8785683   0.15018882  0.7882159  -0.0335487 ]
-0.1290827705065421
[-0.17907801  0.5232243  -0.52690595  0.2517418 ]
-0.17924265356858454
[ 0.10434336  0.8224955   0.73323387 -0.6945947 ]
-0.13524008167783538
[ 0.73344463 -0.15338312  0.70428205  0.41318348]
-0.08768116424481193
[-0.6045239  -0.73830026 -0.38836095 -0.72684884]
-0.17571568361917897
[-0.68398935 -0.44823197  0.25420734 -0.8722274 ]
-0.20522816260655957
[ 0.39621067 -0.9858758   0.6958596  -0.4957764 ]
-0.21847038332621022
[-0.2785401  -0.53677887 -0.33491462  0.10170269]
-0.2603183381160124
[ 0.81205505  0.14120182 -0.8468016   0.1025682 ]
-0.28202813632289336
[-0.31831208  0.4638372   0.5971198  -0.78316015]
-0.26414159079392985
[-0.07526331 -0.57529277 -0.8687703  -0.39152616]
-0.33392855551838874
[-0.14209394 -0.19255859  0.95505154  0.6566457 ]
-0.2709789233008997
[ 0.20531036  0.0733839   0.9450411  -0.80034053]
-0.19881832867860796
[-0.05309226 -0.854526    0.6591044  -0.776655  ]
-0.32005088892579076
[ 0.3049118  -0.8808854  -0.52786934  0.88577956]
-0.4760438679854087
[-0.42704993 -0.9842064   0.51101816  0.65838933]
-0.47696750831604
[-0.40485886  0.9575283   0.40286565 -0.56458145]
-0.4759430315097161
[-0.44954413  0.99730265 -0.02743493  0.9398148 ]
-100
