[-0.14438124  0.929201    0.9317267   0.370449  ]
-0.06759318653431913
[-0.07329624  0.79520017  0.5922545   0.24901623]
-0.05077563609182834
[ 0.08249885 -0.8551883   0.1170337  -0.1981776 ]
-0.01494112620750826
[0.6539637  0.35620943 0.6638016  0.08789083]
0.035583648574847776
[0.18663694 0.03952451 0.20751059 0.9212307 ]
0.053732605271663465
[ 0.10088214  0.8261142   0.50479394 -0.07578988]
0.06659623048299185
[ 0.75049394 -0.9548004   0.60190517  0.6203398 ]
-0.01486153495808324
[-0.40755302  0.16793717  0.67672515  0.9224713 ]
-0.01079082198937615
[-0.8963163   0.34105372 -0.2499734   0.02354868]
-0.017366300240159036
[-0.4006686  -0.39066827 -0.48107448  0.22702152]
-0.011265096932649616
[-0.49651796  0.7751013  -0.87997353 -0.9541766 ]
0.06918276732663077
[-0.5101381   0.6856093  -0.36799145 -0.7006534 ]
0.08337559455633164
[-0.6121128  -0.92339915  0.6056755  -0.3460954 ]
0.02898009955883027
[-0.99152815  0.12402169 -0.22534513  0.47938776]
0.12713446691383798
[ 0.45177814 -0.62591934 -0.8467401  -0.6905914 ]
0.09336447425683579
[-0.9198428  -0.06635681  0.16446348  0.9420293 ]
0.19604743804999816
[-0.22168885  0.6584715  -0.28827763 -0.46339178]
0.15489156587918482
[-0.05900801  0.75001353  0.40419868  0.10902242]
0.09841483149056869
[ 0.07341334  0.5350788  -0.7409806   0.5596481 ]
-0.042638681610424126
[ 0.93178225 -0.18118532  0.5182217  -0.97060585]
-0.022380774676799775
[ 0.75889474 -0.8320805   0.5102387   0.3877478 ]
0.03139427256584167
[ 0.7792532  -0.50092196 -0.04381691  0.92298406]
0.035769535904128166
[0.48979583 0.55378944 0.88295406 0.1469125 ]
0.11203882471720499
[-0.03710343 -0.12537134  0.32918087  0.62375593]
0.16099541747073096
[-0.6006839  -0.50246453 -0.04250523  0.56843424]
0.09467609104514123
[ 0.6429713  -0.11792329  0.26130033 -0.26305237]
0.16120245975255967
[-0.89943504  0.9293389   0.2246514  -0.39060733]
0.0822295231819153
[ 0.70999587  0.68210465 -0.43125412 -0.14508373]
0.11512681570897261
[ 0.14739646 -0.7507494   0.19297522 -0.017739  ]
0.10855543779830257
[-0.06439934  0.17781253 -0.7717852   0.49972165]
0.02887942764163018
[ 0.24657606  0.6258411   0.08144452 -0.93232524]
0.04706025501092155
[ 0.9231435   0.5056144  -0.87216985 -0.67741156]
0.023543425838153748
[ 0.07076744  0.12149855 -0.00525419 -0.30468684]
0.0989397559699901
[ 0.03091229  0.250985   -0.6141531  -0.13565287]
0.08843592142065247
[-0.9518755   0.59881705 -0.24195997 -0.32520002]
0.11461010805765906
[-0.31857365  0.95268244  0.3689186   0.46828786]
0.10103854693968972
[ 0.17550988 -0.8762543   0.33905807 -0.409126  ]
0.10458349814017849
[ 0.8455197   0.61012965 -0.1917157   0.44052848]
0.14637567917505664
[ 0.93313974  0.36655498 -0.10460626  0.6026793 ]
0.2125160938998087
[-0.24290094  0.9044962  -0.34257486 -0.24771403]
0.17828893244266508
[-0.25653967 -0.63364124  0.9153232   0.37803394]
0.18795787457624835
[-0.23599426 -0.74082154 -0.39909968 -0.11441848]
0.15335470439990595
[-0.53509307 -0.34535578  0.96045953  0.97403324]
0.14878604197998718
[-0.17334253 -0.02861013  0.99099976 -0.61230904]
0.2315840538929515
[ 0.06668928  0.03740388 -0.95818985  0.41869766]
0.13451550375918667
[-0.4201326   0.7715031   0.37369716  0.09364289]
0.19423419658343116
[ 0.54444695 -0.21434084 -0.4841646   0.4112856 ]
0.2393276806275026
[-0.1895232  -0.900656   -0.26906407 -0.5483772 ]
0.1939692427118643
[-0.8037993  -0.61998606 -0.35033423  0.8997532 ]
0.12010912410418312
[-0.47790843 -0.28468755  0.55884427 -0.09908643]
0.2789762057562657
[ 0.46148503 -0.74758    -0.5912675   0.9236721 ]
0.2036487688422203
[ 0.8753397  -0.02754068  0.04356563  0.47836152]
0.23784071570883308
[ 0.97753686 -0.22310631  0.2902169   0.46159655]
0.25917768388986584
[ 0.8996999  -0.25337338 -0.6010284  -0.1912188 ]
0.2595427392323835
[-0.98951244  0.8429998  -0.82837915  0.0752308 ]
0.19593272361159325
[ 0.3448772   0.41763356 -0.26931888  0.24440184]
0.2769304739236832
[ 0.5397927  -0.19797187  0.479165   -0.9805253 ]
0.30032950200637065
[ 0.14434138  0.6301089   0.9587307  -0.05007389]
0.38213299973805626
[0.9070253  0.20979388 0.03197828 0.5788353 ]
0.4432921183953694
[ 0.8196373   0.39006957  0.73190975 -0.50157213]
0.47292490925391406
[-0.98400396 -0.47255233  0.57969797  0.84351975]
0.4278006856242827
[ 0.6374555   0.55413073 -0.01664929 -0.39373392]
0.5105639129852243
[ 0.03571852  0.94829315 -0.52247113  0.30741724]
0.31100298560659206
[-0.9714882   0.31404606  0.3217233   0.9685841 ]
0.22411803468068328
[-0.56864977  0.39940685  0.92329687  0.98214996]
0.20938712175687035
[ 0.48696133 -0.32718867  0.45772085  0.14517301]
0.32575571966171263
[ 0.69634336 -0.71726894  0.6154461  -0.5596116 ]
0.3248062574068717
[-0.23028162  0.6309536  -0.76360774  0.8224371 ]
0.24188086577256407
[ 0.16752848  0.9459552   0.6391553  -0.8055156 ]
0.3072593241930008
[-0.67709315  0.8488979  -0.8196501  -0.4812387 ]
0.1830067719221115
[ 0.6084141  -0.49640134  0.5527142   0.02358856]
0.21777712016304215
[ 0.6330963  -0.29441613  0.79225194  0.0670057 ]
0.2539601171314716
[ 0.96976966 -0.9769202  -0.52670807 -0.56027293]
0.19640667172273235
[-0.24809153  0.5757447   0.9185638   0.69774324]
0.25424356637398166
[ 0.464038    0.22159795  0.2613145  -0.6487869 ]
0.32705498570203784
[ 0.12461635  0.8378902  -0.8127861  -0.16256662]
0.2564749522010497
[ 0.7833194  -0.46973535  0.00898185  0.27709568]
0.19918033592526993
[0.12992963 0.53090906 0.01000433 0.5308805 ]
0.16712762263913833
[-0.07800359  0.8638534  -0.99225295 -0.11099525]
0.10248507270216942
[-0.41011947 -0.8081244   0.9275247  -0.2399677 ]
0.13229435499509054
[ 0.21765758 -0.5092102  -0.5033594  -0.7957213 ]
0.11639818308750904
[-0.13451926  0.62226397 -0.875836    0.9771335 ]
0.06915731424093247
[0.9983953  0.19591013 0.85020065 0.32212323]
0.030857683698335685
[ 0.9249923  -0.43427074 -0.19117926 -0.4863546 ]
0.0868797269066163
[-0.1580253 -0.7850493 -0.5013692  0.3850702]
0.013169333815574644
[-0.1525394   0.19896756  0.11840378 -0.10152233]
0.08671422394116957
[ 0.6950261  -0.18416098  0.83560926  0.441603  ]
-0.008522777954738534
[ 0.23251398 -0.55635345 -0.7010115  -0.06089769]
-0.06890297871331492
[-0.347363   0.9514763  0.4222062  0.8122823]
-0.05361497402191162
[ 0.7384198  -0.80133706 -0.43990114  0.783064  ]
-0.021391189376514345
[ 0.97533005 -0.27051848  0.9272868  -0.81122595]
0.023877560774486446
[ 0.9418412  -0.2523548  -0.20239203  0.66350734]
0.05802771768967073
[-0.56800395 -0.35130557 -0.3413677   0.7855672 ]
0.1061381411552429
[ 0.86680037  0.8814444  -0.04275631  0.59411556]
0.06935205435255927
[-0.33948502 -0.8150243   0.29227778  0.55678207]
0.03232475038369732
[ 0.04835881 -0.3652236   0.23834984 -0.05100411]
0.08007853816449642
[0.53066784 0.5187257  0.73546624 0.9814374 ]
-0.02575471520423889
[-0.73834527 -0.14528733  0.04861608  0.13556743]
0.01304249086479464
[-0.3166418   0.28035507 -0.3620175   0.9540529 ]
0.015856032490730282
[-0.74931854  0.6247493   0.10191472  0.08536731]
0.021584664851427078
[-0.11655112  0.68290514 -0.6539202  -0.55034745]
-0.009336691170930863
[ 0.8101128   0.84012026 -0.19253081  0.6269785 ]
0.09900142383575439
[0.7341845 0.4781552 0.6033265 0.7529798]
0.12095768777529518
[ 0.2717939  -0.20786163  0.83745694 -0.67469513]
0.1394819743235894
[ 0.87999505  0.73035234 -0.96445054  0.370472  ]
0.12445711851119994
[-0.7042955  -0.42241123 -0.92355347  0.50292057]
0.12714178756872754
[ 0.71305734 -0.49939597 -0.93588763  0.79365426]
0.1265263741016388
[-0.63057697  0.7975781   0.8428251   0.29716998]
0.12550134579340558
[-0.20094971  0.34141967  0.0028648   0.80714065]
0.15310700533228733
[ 0.9626677  -0.8425217  -0.60126394 -0.7097718 ]
0.15226854936281783
[ 0.96938396  0.5767082   0.03757762 -0.28497922]
0.2748429151078071
[-0.47737595  0.3013199   0.44978353 -0.36598703]
0.14875272055466848
[-0.18652967  0.10981844  0.21364118  0.15013717]
0.16955270237724104
[0.713041   0.5909363  0.73089856 0.32257953]
0.16880179973443232
[ 0.71100324  0.05947778  0.79907346 -0.978567  ]
0.20929838600754913
[ 0.5729372  -0.5982019   0.30587158  0.61074084]
0.18469984869162004
[ 0.57152796  0.43543994 -0.03303735  0.5209643 ]
0.24149277209739006
[ 0.27204695  0.13846518  0.27660698 -0.06375191]
0.3092643791139126
[ 0.23947634  0.29265374 -0.03197373 -0.6897378 ]
0.3138864317337684
[ 0.90910286 -0.865263    0.9699561   0.5253878 ]
0.3164546754360199
[0.8592604  0.5915499  0.03018015 0.58453214]
0.3248443939934151
[-0.00980207  0.10075997 -0.24802029 -0.01757805]
0.2905007678642869
[ 0.7084552  -0.71177167  0.37607697 -0.8450661 ]
0.2199461059967689
[-0.37672567 -0.47621927 -0.96006376 -0.6628547 ]
0.1217770588795356
[ 0.92993057 -0.34854516 -0.8818977   0.07900532]
0.19527267569303514
[-0.39740556  0.66417027  0.05712183  0.8249986 ]
0.1854107533097267
[-0.21444209 -0.9258774   0.91325325 -0.7435836 ]
0.21450779467821124
[-0.98195845  0.5458991   0.66146964 -0.32298914]
0.234383651137352
[ 0.72491497  0.44620946  0.5248698  -0.7019063 ]
0.3126403685013429
[ 0.08962414 -0.5959479   0.35630208 -0.5038478 ]
0.3494132562081031
[-0.77446735  0.12581791  0.8953897   0.40717652]
0.3317415011127778
[ 0.9682861   0.7359332  -0.02909955  0.00482466]
0.40875882329667734
[ 0.36052293 -0.46737602 -0.64354306  0.4054717 ]
0.32512798392772674
[ 0.50986844  0.63414234 -0.4581821   0.75336415]
0.3178799375693016
[ 0.08301201 -0.33958456  0.8357052  -0.4909836 ]
0.23273438383141917
[-0.95229733  0.2873563  -0.7878155  -0.96126044]
0.05993880250056821
[-0.22290519 -0.15823388  0.50998217 -0.14026023]
0.12524106737971305
[-0.8301573  -0.02558035  0.18741545  0.37951338]
0.007171697815261665
[ 0.8692087   0.13853091 -0.34038377 -0.9943737 ]
0.028140328605968563
[ 0.67759717 -0.8357029  -0.3208489   0.5845214 ]
0.029191937804222107
[0.7691206  0.16099636 0.63596535 0.02332439]
-0.01597099599490682
[ 0.47408724  0.6953257   0.4238812  -0.75997883]
0.021075890382129755
[0.21020205 0.03845305 0.9664165  0.50429076]
0.04539499136805535
[-0.47378987  0.18379427 -0.27684316 -0.6943602 ]
-0.013782303214073184
[ 0.6941687   0.09889849 -0.16196308 -0.4373394 ]
-0.011612430115539639
[-0.33913806 -0.7103612  -0.5490189   0.22784568]
-0.053555379569530485
[-0.36498475 -0.9791688  -0.812477    0.16254044]
-0.046230638782184516
[ 0.6845305   0.34196204  0.4013716  -0.01015631]
0.03996139680469793
[ 0.40088284  0.43471867 -0.4509656   0.06477147]
0.0026287534236907966
[-0.32327685  0.258338   -0.02900468  0.04865947]
-0.01361685513953131
[ 0.07204866  0.14353482 -0.25785807  0.10017921]
0.04150347337126732
[ 0.5289692   0.10364679 -0.96423995  0.3966936 ]
0.03581709134578705
[ 0.35849133  0.32603264  0.2762397  -0.6384795 ]
0.01888019959131995
[-0.0222353  -0.4656306  -0.11911372 -0.22480102]
0.03163412867238006
[ 0.6866914   0.01285693  0.84504944 -0.62629044]
-0.05659754928077379
[-0.01285437 -0.15354876  0.9445568  -0.43409666]
-0.040918480653315784
[-0.27699605  0.17807476  0.6006328  -0.15444086]
-0.026784977714221867
[ 0.836321   -0.26885813 -0.8642033   0.7369983 ]
-0.061318861563999266
[ 0.89418435  0.80420965  0.9721754  -0.1698423 ]
-0.033706300139427194
[ 0.4276459   0.2528373  -0.395186   -0.45921832]
-0.048574248313903806
[ 0.04800668 -0.55130786  0.11696361 -0.6971987 ]
-0.0038252189755439772
[-0.4271102  -0.18792015 -0.1794599  -0.57044536]
0.021408516407012936
[0.12968107 0.32917827 0.9424485  0.28803676]
0.08770116295417033
[-0.9556392   0.9868782   0.8791994  -0.89608914]
0.016842293302219303
[-0.52175164  0.12675488  0.17998485  0.4053717 ]
0.055716755410034256
[-0.04257849 -0.3878437  -0.4000818  -0.05580835]
0.03936907211443026
[ 0.08661997  0.28016165 -0.19799441  0.16196774]
0.071819843480982
[-0.16193822 -0.9148686   0.5109819   0.15830964]
0.06764341914653778
[-0.18972364 -0.7304074   0.57218176 -0.8178517 ]
0.053132715264957345
[-0.519294    0.88418627 -0.3137474   0.5323156 ]
-0.007973521272342599
[-0.3507103   0.20853847  0.16174524 -0.53989697]
-0.010363562524318696
[-0.25845307 -0.0137524   0.65569353  0.5465531 ]
0.011470911146450845
[ 0.48698223  0.33055782  0.7270824  -0.35776174]
0.0885459405183792
[0.16831714 0.34531593 0.5334071  0.01247691]
0.16406631999090315
[ 0.11533643  0.66083753  0.63714975 -0.11170909]
0.20656551969051362
[ 0.07641795  0.83987933  0.12620364 -0.8150254 ]
0.12468530554572506
[-0.15528738 -0.5506359  -0.12245211  0.05499618]
-0.009428604811429977
[0.696029   0.06662918 0.03522788 0.8396969 ]
-0.020075954869389533
[-0.09075189 -0.46297714  0.35823148 -0.2109253 ]
-0.0447847651640586
[ 0.23070124  0.10449376  0.24124756 -0.7223438 ]
-0.046901565094787684
[ 0.08034679  0.709916    0.41313565 -0.6312054 ]
-0.06160841092467308
[ 0.8836455   0.6166106   0.01301733 -0.1423307 ]
-0.05298356173560023
[-0.18434739  0.08374513 -0.00655582  0.55403954]
-0.06248411217083771
[ 0.83655316  0.9460759  -0.64087474  0.30200583]
-0.06093183608849724
[-0.04719342  0.97272784  0.8368077  -0.22935818]
0.011102487842243108
[ 0.15831266 -0.4603619  -0.62362385  0.43322918]
-0.008756613989673439
[ 0.80075663  0.5819644  -0.17986776  0.3720139 ]
-0.0007798766493797328
[ 0.6396143  -0.37932378 -0.33674514 -0.10022103]
-0.09633731185396394
[-0.26495886  0.8817846  -0.3754861   0.7328216 ]
-0.06248632295926293
[-0.0981461  -0.36419895  0.78949463  0.70880383]
-0.015024716645479202
[ 0.51175344  0.23422547  0.8202599  -0.46200037]
0.08190590820709982
[-0.32875624 -0.38611114  0.7220601   0.6503165 ]
0.11062645971775054
[ 0.56287116  0.2528561   0.31054527 -0.99464464]
0.09946633513768396
[ 0.6483833  -0.1431567  -0.44782022  0.7515513 ]
0.041119632422924046
[0.09647265 0.71146286 0.5467019  0.56056833]
0.07147432770331938
[-0.6483799  -0.30327502 -0.02335231  0.19056223]
0.016870877663295654
[-0.2939423  -0.56835055  0.5852834   0.02807688]
0.028571471159655658
[0.44396633 0.9105787  0.6944031  0.0888394 ]
0.08859517882267397
[ 0.49268156  0.6358799   0.68395364 -0.05201775]
0.18694328695039072
[0.32656166 0.3909859  0.3245157  0.04531847]
0.2590885979334525
[-0.93262136 -0.5137031   0.23275924 -0.12909292]
0.11573210961619776
[-0.19638547  0.27237305  0.2816622   0.00301808]
-0.06765835943011184
[ 0.93397874  0.341965   -0.30779925  0.9209558 ]
-0.071610197385151
[0.20841968 0.2388377  0.31971136 0.30483335]
-0.033650310655433745
[ 0.32880074 -0.5914028   0.7316217   0.2873301 ]
-0.0671537469228097
[ 0.6849226   0.12775096  0.93115944 -0.05553419]
-0.04327552450696746
[ 0.2686826   0.8776745  -0.76962805  0.66089034]
-0.014923705617587959
[ 0.8849558   0.05708994 -0.18964258 -0.785479  ]
0.011965475921831913
[-0.4499265  -0.28226325  0.03537232 -0.8854306 ]
-0.023154534469049366
[0.64736795 0.5774836  0.26986063 0.31052202]
0.04612060316403589
[ 0.8002209  -0.53051144  0.6179816   0.15359657]
0.03500023303429048
[ 0.38658607 -0.19412822  0.62566245 -0.25654483]
-0.03633431263764581
[ 0.9752191   0.8610247  -0.22704753  0.32944417]
0.01824901664257049
[ 0.80267066 -0.39343396 -0.08858819  0.10149322]
0.05068483433127403
[0.29377234 0.8000205  0.77097446 0.81188196]
0.04326463278134901
[-0.30711982 -0.8719418  -0.32656744 -0.6059695 ]
0.015222676992416383
[-0.02367594  0.9045597  -0.24282044  0.36465725]
0.05406354406972608
[ 0.5541846  -0.23118144  0.22610149  0.9333278 ]
0.1043680781920739
[-0.4462259  -0.46367967 -0.53139657  0.2518923 ]
0.04435676383972169
[-0.99530065  0.78765553 -0.9985367   0.2881644 ]
-0.007815440376602003
[0.33329114 0.3965023  0.09543202 0.8528191 ]
0.1091365632911547
[-0.16560903  0.2358268   0.20274004  0.98559093]
0.14971173614263533
[ 0.35990041  0.6507003  -0.8639069  -0.7467465 ]
0.08935210975011074
[-0.7440987   0.89573574  0.8238787   0.89190507]
0.10284750584761422
[-0.97561866 -0.5192719  -0.23687875  0.2806363 ]
0.0654717410405465
[-4.0270185e-01  1.7404355e-04  8.2650405e-01  4.6292443e-02]
-0.046000225890078586
[-0.06654946  0.46031237  0.6415046   0.01303906]
0.007776784613728523
[ 0.11724496  0.25859627 -0.24740663  0.09268221]
0.012764328042667302
[-0.0964039   0.15270087  0.13355964  0.36113447]
-0.024189583331346513
[0.72985065 0.7062685  0.3103803  0.8024168 ]
0.006816951354347057
[ 0.12721328  0.21821119  0.4628429  -0.18607359]
0.08596472535530489
[-0.20001668  0.75788814  0.7813231  -0.8996557 ]
-0.06342259705066682
[ 0.02601786  0.5442394  -0.02893024  0.4167201 ]
-0.01186946028719109
[ 0.48200956  0.2359623   0.753984   -0.05060592]
-0.04198559481898707
[ 0.3200875  -0.16775504 -0.22089446  0.43706864]
0.0631040534575804
[ 0.00117951  0.713847    0.7353872  -0.6862744 ]
0.06426130589019892
[-0.19678669 -0.06843051 -0.37763432  0.6611313 ]
0.035846040705840986
[ 0.90398836 -0.8107964   0.8037893   0.02940936]
0.018809209657214457
[ 0.6223665   0.40979618 -0.33330637  0.6643572 ]
0.1041877672672272
[ 0.8704104  -0.15767573 -0.49124584 -0.41715372]
0.09159605377912522
[-0.50810635  0.75434834  0.37089062  0.8352492 ]
0.08782855645815295
[-0.9521967  -0.5999481   0.21126543  0.17512044]
0.04894458595911781
[ 0.60334325  0.46836403 -0.5889135  -0.37847042]
-0.04291590748230735
[-0.06148592  0.4497369   0.15088803 -0.2750675 ]
-0.0544493959148713
[ 0.68076867  0.7210404  -0.43398574  0.9338332 ]
-0.008963376581668854
[ 0.42122778 -0.28687745  0.02881238 -0.67446655]
-0.02872120138009271
[ 0.96439576 -0.837118    0.96348816 -0.73609173]
0.002026427388191223
[ 0.14095503 -0.9790087   0.47200617  0.7663435 ]
0.07543023765087126
[-0.9587342   0.97980386  0.7944942   0.80195975]
0.022203717629115962
[-0.26221767  0.8730779   0.9938431   0.0274683 ]
0.07710742047925671
[ 0.08606184  0.9244545   0.4963358  -0.46172863]
0.12605655803283294
[ 0.6345081  -0.97792464  0.37347338 -0.31896573]
-0.030599359273910526
[-0.2290999   0.65030676  0.80753034  0.45503512]
-0.019128787239394963
[ 0.21117091  0.96596086 -0.07144281 -0.5568158 ]
0.0012378462553024275
[ 0.5277928  -0.83044904  0.1273682  -0.72745985]
-0.01694368813435355
[0.27390194 0.70296395 0.9762813  0.77357954]
0.03827720538775245
[ 0.09155411  0.2874337  -0.14927329  0.8673786 ]
0.07373181073864184
[ 0.74557513 -0.7553516  -0.13783246  0.81465775]
0.05543781560659409
[-0.45008984  0.01151846 -0.85902673 -0.36384186]
-0.01666281515484292
[0.20430267 0.37654695 0.3099018  0.8257684 ]
0.056238909741245104
[0.5488636  0.5035508  0.51541543 0.9073438 ]
-0.04723635925849516
[-0.03257609  0.98335147  0.7946332   0.42109796]
-0.013723656083147916
[ 0.40829155  0.47670943 -0.5232464   0.62075347]
-0.005049780646957578
[-0.33182523  0.38128144  0.72549087 -0.15441705]
0.034245965301990505
[-0.05476296  0.25184703 -0.00887316  0.5731381 ]
0.06583955111602705
[-0.74334425 -0.06036715 -0.22115196  0.2624423 ]
0.024714405044913294
[0.28476712 0.20635863 0.50787175 0.7530087 ]
0.07301178401708602
[-0.41614342 -0.24509919  0.6950311  -0.28752434]
0.08466075718402861
[-0.37099725 -0.4368883   0.2580396  -0.0895276 ]
0.08771731850504874
[ 0.1215153  -0.7426025   0.20817958  0.86747825]
-0.02549822302659234
[ 0.03534702 -0.31631178 -0.05712593  0.33152783]
-0.012260689929127693
[ 0.8812914  -0.15257014  0.9193205  -0.34121153]
0.027818171441555017
[ 0.709633    0.99138284 -0.13446143  0.735005  ]
0.0350117943485566
[ 0.03532033  0.68652445 -0.1441061   0.43864322]
-0.017069963375724966
[0.95257276 0.47001052 0.14670332 0.5492162 ]
-0.05109913710753241
[ 0.0139295   0.82138443  0.9503252  -0.8740458 ]
-0.0286125808606557
[ 0.26296008 -0.4757629  -0.11711046  0.19315192]
-0.0369910455942154
[-0.10399806  0.9209791   0.6348538  -0.11276521]
-0.019870393931865692
[ 0.730444   -0.43729103  0.5634184   0.4903092 ]
-0.006674861192703243
[-0.92499596 -0.267482   -0.26397702  0.7542193 ]
0.007842880686122974
[-0.12093842  0.55864435 -0.27647153  0.5811657 ]
0.05518398074309149
[ 0.46879366 -0.58371615 -0.06334339 -0.21096161]
0.08718390792608262
[-0.34859237  0.40014964  0.57676524  0.97563726]
0.07161857537428301
[0.03210136 0.70578355 0.31125635 0.69475603]
0.08206922489404679
[ 0.4550813  -0.6820895   0.71797085 -0.5209282 ]
0.07372838060061254
[ 0.5998198   0.66848487  0.5429158  -0.41222963]
0.09921196530262749
[0.29945955 0.10123037 0.77950495 0.288825  ]
0.10137197166681289
[-0.69997704 -0.9609982   0.10001741  0.21029712]
0.04260551510254305
[-0.9658196   0.08137404  0.4792251  -0.45845097]
-0.0262812824348585
[-0.19950746  0.57506716  0.9887326   0.9432802 ]
-0.05516495599349222
[ 0.81662226 -0.5153088  -0.36774433  0.44377393]
-0.05917689766486368
[ 0.4548839  -0.67122895 -0.9259511   0.5843644 ]
-0.02140832928816596
[-0.52241474 -0.92343247  0.8881858  -0.70906913]
-0.015817988673843555
[ 0.5223453  -0.645221    0.8721849   0.09072432]
0.08153435905774316
[-0.2072615   0.17522964 -0.91158956  0.33254856]
0.008438078920047677
[-0.52269113  0.7359487   0.5577487   0.9036508 ]
0.006814118067421132
[ 0.99782234 -0.77673626  0.51394576 -0.4512208 ]
0.07424814057350158
[-0.98982406  0.21078715 -0.22312582  0.73673713]
-0.007814527273178102
[ 0.20071954  0.00734846 -0.47899643 -0.3034477 ]
0.002849255913250035
[ 0.93198436  0.47554338  0.6812017  -0.3903029 ]
0.08186981978018959
[ 0.4924366  -0.80553705 -0.14275233 -0.72357464]
0.012754920025665369
[ 0.41910413  0.43649167 -0.36136508  0.9366931 ]
-0.010249729851879295
[-0.37127742  0.83920354  0.70176095  0.03714281]
-0.07163432983557502
[-0.32701766 -0.02064521 -0.8268575  -0.05944732]
-0.061253070207934766
[-0.17921394 -0.64902717  0.00299239 -0.5843711 ]
-0.044402270061585994
[-0.13367945 -0.9128273   0.223655   -0.33164075]
-0.06488906516631326
[0.08017524 0.7099951  0.513221   0.00748233]
-0.014868152501061561
[-0.03707899  0.33605275 -0.66261524  0.87745655]
0.0051284986784048935
[-0.58561856 -0.16202737 -0.445135    0.79767746]
-0.04911226373910904
[ 0.38841322 -0.1625173   0.96878624 -0.601145  ]
0.05193448811769486
[ 0.11237383 -0.2380602   0.07852858 -0.581855  ]
0.05739647622903071
[-0.7706023  -0.90601504  0.8360682   0.19061913]
0.010351870357990262
[ 0.63084954  0.69750386 -0.28807586 -0.3548559 ]
0.01923161510626593
[ 0.68777275  0.93184155 -0.0915952   0.5016353 ]
-0.01358253323038301
[ 0.53758836  0.34699735  0.7325347  -0.26184812]
0.033222807963687984
[-0.3939938   0.10039726 -0.4747836   0.7116693 ]
-0.02841585139433661
[0.51522374 0.8048395  0.05723349 0.28984013]
0.07522568363944808
[ 0.7888017  -0.90649     0.42334446  0.16014817]
0.13133481101195135
[ 0.5150964   0.26620224  0.7324495  -0.09215625]
0.2447330519755669
[-0.40309334  0.9642892   0.5711942   0.731108  ]
0.12844139500458915
[-0.7228808   0.5832615  -0.6920609   0.12462038]
0.04053023366133491
[-0.22245307  0.29858038  0.66314     0.80503327]
0.07267634644110879
[0.6540317  0.15572047 0.8111318  0.17828624]
0.11234809742371359
[-0.5896051  -0.01818095  0.5873439  -0.4256743 ]
0.06977689954141895
[-0.51437926 -0.9171056  -0.97408146 -0.46147785]
-0.08038930372397224
[ 0.77506167  0.60876983  0.12131549 -0.8921635 ]
-0.09904588211575907
[-0.25929254  0.7625297  -0.5627589  -0.0507471 ]
0.004858977198600772
[ 0.71741974 -0.89773667 -0.05808107 -0.50167483]
0.0045744422177485585
[ 0.98004735 -0.26012626  0.9926167   0.4160786 ]
-0.050172915339469916
[ 0.2158015  -0.1915728  -0.01013975  0.6615779 ]
-0.006003957401961088
[-0.08743341 -0.153399    0.8016436  -0.43100047]
0.016544928083818352
[-0.5008337  -0.22145112  0.9699646  -0.9958848 ]
0.008048563341300882
[ 0.1363966  -0.30170876 -0.19935027  0.16551353]
0.015732788880664907
[ 0.59153813  0.846187    0.5119287  -0.38971677]
0.057868241429328914
[ 0.25467384 -0.53502375 -0.3512762   0.36406767]
0.014040349682170954
[ 0.5841207  -0.41285947  0.7650437  -0.505858  ]
0.08270413768291475
[ 0.91762763  0.8023409  -0.6019765   0.46333775]
0.07157203086217481
[-0.09791615 -0.9077288  -0.18776797  0.29098672]
0.0256787772476673
[ 0.356416    0.46852884 -0.27400628  0.94999063]
-0.019347567200660706
[-0.5278999  -0.5634519   0.89101744  0.4779908 ]
-0.05410076832771302
[0.229372   0.19287127 0.9465887  0.37407473]
0.05614495281378192
[-0.8342823  -0.18398163  0.63343406  0.9671441 ]
0.023794208089511788
[-0.0968075  -0.6725799  -0.00464694 -0.79997796]
0.04481086734992644
[ 0.2737357  -0.99780995  0.93246824  0.25263262]
0.06860734023650725
[0.63353914 0.6393865  0.01246149 0.47876933]
0.14249483042085928
[ 0.22677085 -0.2372551   0.7296405   0.4949715 ]
0.09984800857305527
[ 0.21062338 -0.26517484  0.8037579  -0.4081185 ]
0.08113516229391099
[-0.2592646  -0.7541186   0.7475206  -0.21324655]
0.02026671091715613
[-0.12988901  0.80526066 -0.2248851   0.00799159]
0.01371157417446375
[-0.5692496   0.26261884  0.8583042   0.12348816]
0.01605630429585656
[-0.49354064  0.5324113  -0.8629985   0.42730784]
-0.03892513930797577
[0.6867877  0.1338743  0.22838344 0.586659  ]
-0.02598474967479706
[-0.77951795  0.00733344  0.37875196  0.59263545]
0.0020035488915928247
[-0.40992153  0.82008487 -0.52528554  0.198681  ]
-0.003774493614833746
[ 0.6860116   0.2670708  -0.13739885  0.5946271 ]
0.10049015339215832
[-0.2644976   0.7908068   0.16174169 -0.6932284 ]
-0.028790292561054233
[ 0.16359541 -0.39356735  0.8385676  -0.6516783 ]
-0.03279386881987372
[ 0.00248425  0.9377842  -0.5103384   0.740197  ]
-0.004227683755569159
[0.03411078 0.00322028 0.5591909  0.22815253]
0.045904415461544015
[0.51103127 0.68221843 0.30199784 0.06430547]
0.04644011058410246
[0.71415234 0.30698845 0.05486599 0.7126793 ]
0.10133256947994233
[-0.07858051  0.33860406  0.6086298  -0.41427082]
0.12020536497235298
[ 0.05017838 -0.73760706 -0.00616583  0.16917041]
-0.04753883768369991
[ 0.16382375 -0.9543451   0.83257806  0.06298853]
-0.030661120384931566
[-0.15993774  0.7405682   0.10634843 -0.19683409]
-0.06904454998175422
[ 0.85256743 -0.21749477  0.61236924 -0.7390471 ]
0.004712220529716406
[ 0.9811116   0.34832248 -0.530876    0.10139199]
-0.01341982196768362
[0.19266999 0.03340615 0.2640759  0.01541682]
0.06743822118888418
[-0.26223204 -0.11023784 -0.2612624  -0.09705404]
0.027802914212148575
[-0.2380252  0.5330112 -0.9167718 -0.6492661]
-0.05966369320949156
[ 0.7518689  -0.08024139 -0.8340143  -0.2737156 ]
0.011878592163324351
[ 0.75069547 -0.00201365 -0.3411058  -0.08456551]
0.036196978248346535
[ 0.52782786 -0.08352839  0.46176115 -0.07733507]
0.050037642747163776
[-0.9951781   0.02422773  0.13521342  0.8002475 ]
0.023222230647999845
[-0.14917734  0.49379486  0.598555    0.38448617]
0.06697132384777069
[ 0.9969945  -0.1584762   0.4671342   0.27363843]
0.12381348349650938
[ 0.08565301 -0.03924493  0.8573365  -0.07164545]
0.14425650271276394
[-0.99041057 -0.9106709  -0.30449197 -0.56670624]
-0.01014019147554797
[ 0.4735134   0.22941276 -0.02107062  0.38631678]
-0.04874337978909176
[-0.18203105  0.32489794  0.7208289  -0.60746855]
-0.052165785054366975
[ 0.2765883  0.561122   0.5930652 -0.1144356]
-0.06263048362731934
[0.38533548 0.22053422 0.15476659 0.16373935]
-0.042222766160964965
[ 0.52731484 -0.7791636   0.7898738   0.2228758 ]
0.03134474321206292
[0.1974655  0.69480836 0.94394374 0.9940739 ]
0.05660720409949856
[ 0.0283394  -0.10480613  0.8592181   0.32394978]
0.14533512210597477
[ 0.6156698  -0.15305287  0.562262   -0.4780275 ]
0.12668318549792093
[-0.62958384  0.5484116   0.72582865  0.3723379 ]
-0.020676852583885193
[-0.83826715  0.28863657  0.8490697   0.5551335 ]
-0.028837707181773968
[-0.9324385  -0.19313288 -0.80739325 -0.18772975]
-0.11603568375110626
[-0.66473925 -0.24371232  0.3646189   0.23448677]
-0.17120449809233468
[ 0.6646244  -0.39548743  0.25343806  0.20005427]
-0.07200148413578789
[ 0.40025002 -0.08466159  0.95081073 -0.94630057]
-0.0852947308818511
[-0.11253526 -0.33963433 -0.4475852   0.36213672]
-0.09476644725600641
[ 0.173937  -0.8947031  0.6016589 -0.0719903]
-0.04323613392313203
[-0.5114202   0.10791291  0.8910368   0.60616   ]
-0.02938790612419328
[ 0.2851331   0.51757294 -0.8480552   0.09077231]
-0.023477068871259693
[ 0.62189066 -0.1732547  -0.41578248  0.9956905 ]
0.011959727764129645
[ 0.6972705   0.01803365 -0.61016226 -0.04782406]
0.0007151116554959481
[-0.47183084  0.4335003   0.8755196  -0.7901665 ]
-0.004489420334495727
[-0.24195084  0.7808404  -0.46577728 -0.25227684]
-0.03524020779132843
[ 0.68855196 -0.22269416  0.30310893 -0.6686256 ]
0.02750358915328979
[-0.95601994 -0.1367467   0.8805548  -0.34246624]
0.0009296242396013045
[-0.43586555 -0.2644924   0.51152587 -0.07882644]
0.012245474676292329
[-0.92902356  0.46062183  0.12554827  0.9209342 ]
0.04325899473825853
[0.75067925 0.9050274  0.7515806  0.582381  ]
0.14241420646508773
[-0.4699657   0.44441596  0.17609422  0.5411559 ]
0.15202149226268014
[-0.5747135   0.43862674 -0.43900114 -0.82492083]
0.04505470649401466
[ 0.23888269 -0.08688783 -0.6502156  -0.4248508 ]
-0.004492224961519242
[ 0.21608727 -0.5708617  -0.00399832 -0.74090743]
-0.018754216539986317
[ 0.2729226   0.7450682  -0.2367833   0.51751703]
0.01734471670786658
[ 0.76923054 -0.5943561   0.52943075 -0.6943802 ]
0.016990539709724584
[ 0.1853712   0.36641273 -0.4880731   0.54240185]
0.04433354661862173
[ 0.69358134  0.9780745  -0.35493192 -0.19258523]
0.05951532745361327
[-0.15232632 -0.1724462  -0.5482911  -0.07400999]
0.022351971199113935
[ 0.06291638 -0.02499668  0.7352747  -0.98810035]
0.04328155118723592
[ 0.61054313 -0.14507483 -0.33294877  0.427056  ]
0.04485951580604154
[ 0.29757977  0.02627492 -0.34204063  0.38483372]
0.0857816017319747
[ 0.6890636  -0.02231407  0.46926498  0.35920203]
0.09105778663605452
[ 0.99241704 -0.04532773  0.3106982  -0.1990307 ]
0.10495417891939718
[-0.50423783  0.7910968  -0.5075758  -0.6515812 ]
0.0033715246518441176
[ 0.54217005 -0.71419924  0.6731397  -0.36857292]
0.08959592658281326
[ 0.59360856  0.3703126  -0.99028873 -0.19874471]
0.03492803428570548
[ 0.6431846   0.10871276 -0.8537165   0.9138335 ]
0.0439896384874956
[-0.07004061 -0.5068896  -0.24090023 -0.72754836]
0.023830798178911212
[-0.42720425  0.38233918 -0.23408677 -0.988354  ]
-0.013193092505134759
[ 0.03712654 -0.0484076   0.99886626 -0.30052686]
0.01211248227953911
[ 0.46255088 -0.9840648   0.9324782  -0.885746  ]
0.0597533262570687
[-0.7991999   0.7153503   0.46960515  0.9630619 ]
0.03026020725568373
[ 0.5390412  -0.69311756 -0.34721208  0.05112485]
0.09243042261401574
[0.9218423  0.4263398  0.8441504  0.95708925]
0.08368274199962619
[ 0.46515638 -0.78199536 -0.49093136  0.18056494]
-0.007796766161918641
[-0.3138781   0.46503946  0.25130233  0.09221628]
0.024502292553584964
[ 0.8929996   0.6575553   0.7897766  -0.13631015]
0.08914349979162214
[ 0.4888055   0.02773264 -0.38152552 -0.8731813 ]
-0.050074916752677355
[ 0.45828408 -0.37720188  0.78044885  0.409914  ]
-0.02662954036394518
[0.6451072  0.65984464 0.7102871  0.95080906]
0.04688203132152558
[ 0.27348402 -0.8540875   0.04544286  0.6683951 ]
0.05498847699662285
[ 0.12866567  0.71908504 -0.6568455   0.68805176]
0.030762813190616776
[ 0.6109587  -0.41970298  0.8343001  -0.98120177]
0.007377831300102052
[ 0.14741555 -0.2653406   0.87667483 -0.42344275]
0.04483352184295654
[-0.11240014  0.02123855  0.541305    0.42598373]
0.09535125879695255
[0.1530045  0.715982   0.43383834 0.61238873]
0.07861446404457091
[ 0.3691547  -0.32837078 -0.10920612  0.9493308 ]
0.012629904548328304
[-0.3986779   0.49990115  0.7892206  -0.00971446]
-0.02246943206091959
[-0.0854392  -0.06826659  0.56391114 -0.4144339 ]
-0.06085947224497795
[ 0.44119692 -0.16479118  0.9018838   0.27154103]
-0.08072737274567404
[ 0.0660691  -0.6433386  -0.31432164  0.7210593 ]
-0.03728863629698753
[0.42455474 0.74330455 0.5301546  0.12110376]
-0.05509573752681532
[0.9391653  0.05990579 0.11147694 0.17470676]
0.019374430115025435
[-0.02226332 -0.74764764  0.86511904 -0.21092623]
-0.009743760995566845
[ 0.04749001 -0.14946632 -0.29036728  0.13140382]
-0.020464211394391838
[ 0.2544921   0.4477139  -0.02221934  0.5352621 ]
0.054407555224996004
[ 0.62755305  0.32074443 -0.4915546  -0.14217018]
0.0697334753473588
[0.5684549  0.6372065  0.64783245 0.6185001 ]
0.0908570762872696
[-0.05364984 -0.74663556 -0.22481184 -0.284397  ]
0.0865708372791632
[0.8491449  0.6020259  0.7038207  0.10782775]
0.06571097037196158
[-0.7590505   0.56739014 -0.66547763  0.53573656]
0.026482673009235465
[ 0.32472122 -0.3320916   0.82135284  0.5898495 ]
0.052319108128547676
[ 0.0111247   0.30265117  0.6079185  -0.5279327 ]
0.11097036108747126
[ 0.69136494 -0.6861268   0.59427464 -0.87897855]
0.10776607441902161
[-0.32063347  0.40184194 -0.29152608 -0.80379045]
0.08697405225038526
[ 0.26168677 -0.2288645  -0.26897013 -0.06901971]
0.06398737880587578
[ 0.3358305   0.49861652 -0.9090723   0.3853005 ]
0.08481505537033082
[-0.50186855 -0.13873525  0.6177986   0.6234262 ]
0.009987493336200713
[ 0.6154724  -0.17466748  0.16808978 -0.8365361 ]
0.07154639581839006
[ 0.22530669  0.20876366  0.00638828 -0.20730793]
0.10481164459697902
[ 0.17696273 -0.29029393  0.61716735 -0.01997728]
0.07550377515455324
[-0.00487106  0.1504409  -0.93323606 -0.01671347]
0.00442789560990792
[-0.0730945  -0.7963113   0.13223195 -0.5994152 ]
-0.01384771853685379
[0.78057384 0.7973174  0.10858905 0.7783353 ]
0.10764120218157769
[ 0.6681654  -0.30061656  0.61080784  0.05490502]
0.04905355205635347
[0.68145925 0.938352   0.680092   0.9703586 ]
0.05445766844351968
[-0.7846272  -0.17921452  0.97910523  0.6602718 ]
0.0865961679816246
[-0.5462445   0.8688678   0.40935218 -0.45397294]
-0.043782128552593405
[ 0.74958783  0.42750123 -0.08330203  0.06244051]
-0.019392929996054565
[ 0.0680147 -0.6036688 -0.9496366 -0.7635553]
-0.1459480338692665
[-0.10011956 -0.34711042 -0.5631637   0.2993623 ]
-0.031439902007579804
[ 0.21517304 -0.3961918  -0.47971854  0.57886934]
-0.012556954820949642
[-0.26935604  0.14332002 -0.40160337  0.78585166]
0.029770710468292237
[ 0.02196136 -0.6270347   0.96427375  0.6501638 ]
0.017351737735170923
[0.04864603 0.52367866 0.95087194 0.5098159 ]
0.07395766953627386
[ 0.1525813   0.9055506  -0.6691519  -0.10488413]
0.03848526868224144
[-0.3011165   0.5101643  -0.6220498  -0.32091004]
-0.058812271714210516
[0.814079  0.599824  0.7869475 0.7807776]
-0.02331598822275561
[-0.4282296   0.51311    -0.6767432  -0.89829475]
-0.10142939285437384
[-0.36234647  0.52143407 -0.1658464   0.84160835]
-0.046058300971984864
[ 0.7333429  -0.03110986  0.23599976  0.11615377]
0.0566455175255724
[-0.04400021  0.5835537  -0.7209232   0.4699306 ]
0.03027639365196228
[ 0.6742344   0.43684995 -0.2711677   0.473483  ]
0.09903298477331916
[-0.3015033  -0.74623704  0.04520053 -0.09514306]
-0.020522370398044592
[0.7903796  0.14547943 0.7846631  0.6362793 ]
0.033829350809257426
[ 0.29946086  0.04351773 -0.38093632  0.7650958 ]
0.10639784473677359
[-0.21732403  0.8445581   0.33131126 -0.7341955 ]
0.08620649733145913
[ 0.6946484  -0.15426974  0.8594235   0.8937937 ]
0.1997107111016921
[ 0.6077669   0.5089943  -0.26203293 -0.19689354]
0.22488190362850943
[ 0.05997334  0.790074   -0.8700841  -0.32251295]
0.11400065690775593
[-0.34659708  0.5617927  -0.41103184  0.3660743 ]
0.04869718364874641
[-0.02356843  0.5837967   0.14151369  0.78179264]
0.08057169498254738
[ 0.39253816 -0.8813338  -0.78071696  0.08786101]
0.04749702846010762
[-0.7642535   0.86478263  0.91815126  0.30456904]
0.03041147065162659
