[ 0.29354212  0.6046057  -0.93654495  0.09717948]
-0.1226820810455829
[ 0.6359671  -0.68008244 -0.4338349   0.86293435]
-0.14319908594091615
[-0.19180752 -0.14555073  0.75619555 -0.53878206]
-0.049753884946305366
[ 0.8148297  -0.08584683  0.04034851 -0.78603584]
-0.011242345596354397
[0.18663694 0.03952451 0.20751059 0.9212307 ]
0.021826918672461004
[ 0.78672045  0.54355675 -0.65598905 -0.06262731]
-0.1503658225396648
[-0.14104007 -0.609894   -0.396523    0.8831412 ]
-0.12193966538707535
[-0.13613881 -0.2542461  -0.0744904  -0.55991334]
-0.08794999896983426
[0.30138665 0.38552776 0.7749652  0.5362205 ]
-0.20649545922875404
[ 0.82399195 -0.27617323  0.91984993  0.81647295]
-0.2032140323420354
[ 0.12044363 -0.9961435   0.2155911   0.05476464]
-0.1552117125640325
[-0.6160427   0.07259668 -0.30719808  0.9117538 ]
-0.06318030950427056
[ 0.44297487  0.47653317  0.28436056 -0.35693407]
-0.08283020454645157
[ 0.32361844 -0.5149206  -0.06549962 -0.772937  ]
-0.10058750065167626
[0.5789276  0.09569618 0.7409257  0.95557916]
-0.19488567362229148
[ 0.12858917 -0.08906963  0.00979962 -0.63952756]
-0.1458340352624655
[0.22435986 0.70532954 0.09173824 0.6349616 ]
-0.18514179488023005
[-0.4233838  -0.5187673  -0.22070676  0.17911217]
-0.11295457708835602
[-0.08181626  0.85208124 -0.5489884  -0.14656062]
-0.05693734496831894
[ 0.6643784  -0.81405926  0.668374    0.6413102 ]
-0.16365659300486368
[-0.09676587  0.8744075   0.38620967  0.7296316 ]
-0.13599873621264857
[ 0.8201884  -0.8581721  -0.05035197  0.758977  ]
-0.1680156404872759
[-0.96929765  0.71379304 -0.6795288   0.7634953 ]
-0.12025522692998132
[ 0.6810036  -0.43432024  0.26947808  0.52774584]
-0.005646482626598268
[-0.6006839  -0.50246453 -0.04250523  0.56843424]
0.057258444547653206
[ 0.6429713  -0.11792329  0.26130033 -0.26305237]
0.07686742814382155
[-0.89943504  0.9293389   0.2246514  -0.39060733]
0.0822295231819153
[-0.86232275  0.90754056 -0.7657603   0.9616427 ]
-0.1738541484475136
[-0.9263474 -0.8858821  0.7084155  0.7351218]
-0.5673028025627136
[-0.22437674  0.46944222 -0.43826622 -0.7928742 ]
-0.5495213513175659
[ 0.74129486  0.2783799  -0.48932528  0.8667393 ]
-0.5232262558937073
[ 0.8169801  -0.9312114   0.38997018 -0.02597676]
-0.41306425387908896
[-0.44162428 -0.6378148   0.6200068   0.81835777]
-0.40754968571662903
[-0.10052902 -0.45643252  0.82765985 -0.53961223]
-0.3682090098063163
[ 0.9076879  -0.26078936 -0.48775774 -0.42558485]
-0.3768194295167923
[ 0.7859945   0.16696104 -0.68866664 -0.8421777 ]
-0.4093095618486405
[ 0.2604042  -0.34581378 -0.31513056  0.30338213]
-0.5166003597577401
[-0.4557222  -0.71608996 -0.51637346  0.16536845]
-0.5256527282595636
[-0.42141247  0.4659235  -0.4583019  -0.5711128 ]
-0.5686651301383973
[-0.10269701 -0.8399452   0.8359415  -0.62978715]
-0.5057869486312083
[-0.4016495   0.7304691  -0.27895734  0.22780651]
-0.5287495919068643
[ 0.80906844  0.09295373 -0.7626695  -0.43683797]
-0.5273654382824898
[ 0.4062017  -0.57029676  0.5477586  -0.4263862 ]
-0.4255543647607191
[ 0.4878141  -0.66523445  0.9215999   0.15652926]
-0.3563957981864587
[-0.39428368  0.38657504 -0.05654089 -0.38395828]
-0.3841488115191459
[ 0.31081483 -0.39481926 -0.74764735 -0.50292766]
-0.43089525640010834
[0.17118959 0.7424709  0.87744194 0.5033051 ]
-0.362179453035198
[-0.563832  -0.9984549  0.6164402 -0.6792322]
-0.43400952021280687
