28.69349647498405
-0.644824605075274 -0.20737185209452183 -0.8041761436671635 -0.18326287845462963
-0.5012228784882535 0.5945710349177245 0.6352224888302528 -0.1510524199076653
0.8339810751556643 0.04458754195389726 0.8515170825792603 -0.24242045624306333
0.49039418230821746 -0.4532398648276669 0.3896435893815483 -0.5981480237909208
-0.40105849287303075 0.7129031264106627 -0.8577047761964013 -0.8942494360965254
-0.7790802201951683 0.3548965793492882 0.024381324754846057 -0.5014655229529131
0.44338337232575853 -0.3600838427153259 0.3805484350234204 0.013139005901988304
0.9756680125290005 -0.015104008737033426 0.634488482709114 -0.7207960954909207
-0.3055816314000832 0.5023566239660145 -0.39728607390020804 0.315912546536418
-0.046463874436643696 -0.03359648710408806 -0.804634670712711 0.1623683666034666
0.36271894186946424 0.6226685112117413 0.6499075088202974 -0.27756201937434266
0.4179929374562441 0.012646088954750879 0.9761265558760108 0.4463572305882977
-0.340178857586646 0.7062945571584082 0.7444866706826803 0.7674483383303367
-0.159168260500544 0.9032513582799294 0.08332474386630183 0.775727190580496
0.3319014830697333 0.818876814845647 0.07379363200613706 -0.29432661053217607
-0.4148423905144921 0.7050330778701037 0.8970292617249956 0.044799150146440474
