37.331489884460936
0.06743758988809634 -0.6078723062840511 0.4624169160666791 -0.6818070126048577
0.14381320578434142 0.4512503850834231 -0.9983468793584062 0.5964533848087505
0.8597037697405074 -0.505548345532903 0.6321687342003558 -0.19233512556232013
-0.044726726015117624 -0.4055513753221749 0.4819024101688705 0.6258642043030751
0.021610310690279966 0.26832726219249625 -0.6637266801903361 -0.8322179094839782
-0.8021262373661076 0.13817489585238385 -0.6091016622206542 -0.13602229646521247
0.8196706560631042 0.5349078959396703 -0.6225286674472765 -0.8953882840199205
-0.3629855471595439 1.2655907987033135 -0.039477749616814606 0.3472166477253804
-0.08761108245009241 0.46843214188474325 0.6041674091408427 0.98593538010546
-1.009773381060593 0.7054689691232359 0.38032604481231813 -0.13696047509969844
1.1286942834319773 -0.2580654081025022 -1.1465206342977832 0.49870289327627404
1.0351889871193527 -0.13741467691721754 -0.176409580662243 1.282996755205923
0.0824710923439873 -0.19356616350154066 -0.6152387245632398 0.17716399942465721
-0.07304281100270327 -0.2980868197188551 -1.3781821245993884 0.2556255087967516
0.052026053819015816 -0.5035141831348443 0.1558776772012339 -0.05311476140709481
0.6611174288335527 0.13041903306371572 0.45630419756231255 -0.07137050851075144
