44.91523021918652
-0.2664865833087181 0.9217621536181436 0.12223074320843863 -1.2950024335038446
-0.08523651391173814 -0.24675194688121826 0.8132601667037527 0.3400578481114104
-0.8989479769404698 1.040501266494718 -0.9327242732781487 -0.12439597209687092
-0.7878731219343227 -0.8922911843800874 0.07238964485802402 0.2492346149719521
-0.616075829750558 -0.5986786877454494 -1.0710186050613313 0.1733289636747235
-0.10843156772196072 -0.09748141799571963 -0.835866720671538 0.19930527251819818
0.9077637661813497 0.18355942807216574 1.069606997829218 0.07528918477154345
0.03570417845787133 0.5727877394404336 0.7753099695842193 0.012584369587000377
1.0316918529687538 0.9397070634287817 0.7606781982924493 0.3600736499240311
0.707998956492516 0.46419531884468346 -0.7613712302545238 0.2622876394607432
-0.6956142933111441 0.13310237040431494 0.3465805871235923 -0.9771331897020535
0.22815891427859591 0.7467585560053646 0.0793059743074842 1.1790799903391727
0.4821028708560615 0.723170826358807 0.5820874456143906 -0.9017214054667047
-0.007243198995878997 0.015126010147151314 0.1926562499613249 -0.2184065271661142
-0.10806122412504138 0.671768562585837 0.5374969050373033 -0.11888823365102263
-0.2819467220520617 0.45308125875751926 -0.9415031636221844 -0.37530474491292076
0.16862106870866322 0.9272173477905652 -0.24931382263770063 -0.8499873999595624
-0.6392251292366347 0.8729903713610137 -0.0616532659954212 0.8436609536542727
-0.6299214528593012 -0.5011571706994928 -1.289472803611649 -0.3427888140110539
0.11792233162316612 -0.1310796707071038 -0.33413885229466334 0.6453861273641807
